time	V(comp_in)	V(out)	V(tube)
0.000000000000000e+00	6.781196e-01	4.999866e+00	4.983538e+02
9.876370000003890e-06	6.781196e-01	4.999866e+00	4.983538e+02
2.001636899976822e-05	6.781196e-01	4.999866e+00	4.983538e+02
3.015636999999164e-05	6.781196e-01	4.999866e+00	4.983538e+02
4.019637000004630e-05	6.781196e-01	4.999866e+00	4.983538e+02
5.033636899982376e-05	6.781196e-01	4.999866e+00	4.983538e+02
6.047637000004713e-05	6.781196e-01	4.999866e+00	4.983538e+02
7.051636999993206e-05	6.781196e-01	4.999866e+00	4.983538e+02
8.055636999993461e-05	6.781196e-01	4.999866e+00	4.983538e+02
9.079636999992931e-05	6.781196e-01	4.999866e+00	4.983538e+02
1.008363699999319e-04	6.781196e-01	4.999866e+00	4.983538e+02
1.108763699999345e-04	6.781196e-01	4.999866e+00	4.983538e+02
1.211163699999292e-04	6.781196e-01	4.999866e+00	4.983538e+02
1.311563699999317e-04	6.781196e-01	4.999866e+00	4.983538e+02
1.411963699999343e-04	6.781196e-01	4.999866e+00	4.983538e+02
1.514363699999290e-04	6.781196e-01	4.999866e+00	4.983538e+02
1.614763699999315e-04	6.781196e-01	4.999866e+00	4.983538e+02
1.715163699999341e-04	6.781196e-01	4.999866e+00	4.983538e+02
1.817563699999288e-04	6.781196e-01	4.999866e+00	4.983538e+02
1.917963699999314e-04	6.781196e-01	4.999866e+00	4.983538e+02
2.018363699999340e-04	6.781196e-01	4.999866e+00	4.983538e+02
2.120763699999287e-04	6.781196e-01	4.999866e+00	4.983538e+02
2.221163699999312e-04	6.781196e-01	4.999866e+00	4.983538e+02
2.321563699999338e-04	6.781196e-01	4.999866e+00	4.983538e+02
2.423963699999285e-04	6.781196e-01	4.999866e+00	4.983538e+02
2.524363699999311e-04	6.781196e-01	4.999866e+00	4.983538e+02
2.624763699999336e-04	6.781196e-01	4.999866e+00	4.983538e+02
2.727163699999283e-04	6.781196e-01	4.999866e+00	4.983538e+02
2.827563699999309e-04	6.781196e-01	4.999866e+00	4.983538e+02
2.927963699999334e-04	6.781196e-01	4.999866e+00	4.983538e+02
3.030363699999281e-04	6.781196e-01	4.999866e+00	4.983538e+02
3.130763699999307e-04	6.781196e-01	4.999866e+00	4.983538e+02
3.231163699999333e-04	6.781196e-01	4.999866e+00	4.983538e+02
3.333563699999280e-04	6.781196e-01	4.999866e+00	4.983538e+02
3.433963699999305e-04	6.781196e-01	4.999866e+00	4.983538e+02
3.534363699999331e-04	6.781196e-01	4.999866e+00	4.983538e+02
3.636763699999278e-04	6.781196e-01	4.999866e+00	4.983538e+02
3.737163699999304e-04	6.781196e-01	4.999866e+00	4.983538e+02
3.837563699999329e-04	6.781196e-01	4.999866e+00	4.983538e+02
3.939963699999276e-04	6.781196e-01	4.999866e+00	4.983538e+02
4.040363699999302e-04	6.781196e-01	4.999866e+00	4.983538e+02
4.140763699999327e-04	6.781196e-01	4.999866e+00	4.983538e+02
4.243163699999274e-04	6.781196e-01	4.999866e+00	4.983538e+02
4.343563699999301e-04	6.781196e-01	4.999866e+00	4.983538e+02
4.443963699999326e-04	6.781196e-01	4.999866e+00	4.983538e+02
4.546363699999273e-04	6.781196e-01	4.999866e+00	4.983538e+02
4.646763699999299e-04	6.781196e-01	4.999866e+00	4.983538e+02
4.747163699999325e-04	6.781196e-01	4.999866e+00	4.983538e+02
4.849563699999272e-04	6.781196e-01	4.999866e+00	4.983538e+02
4.949963699999661e-04	6.781196e-01	4.999866e+00	4.983538e+02
5.000000000000000e-04	6.781196e-01	4.999866e+00	4.983538e+02
5.000000010000000e-04	6.781194e-01	4.999866e+00	4.982708e+02
5.000000169999999e-04	6.780978e-01	4.999866e+00	4.956211e+02
5.000000489999998e-04	6.779723e-01	4.999866e+00	4.903683e+02
5.000001100524843e-04	6.774337e-01	4.999866e+00	4.805154e+02
5.000002321574532e-04	6.752130e-01	4.999866e+00	4.614570e+02
5.000004763673911e-04	6.664649e-01	4.999866e+00	4.257892e+02
5.000009647872668e-04	6.336979e-01	4.999866e+00	3.632378e+02
5.000019416270184e-04	5.204490e-01	4.999866e+00	2.665638e+02
5.000033041132970e-04	2.920021e-01	4.999866e+00	1.777556e+02
5.000046073995314e-04	3.363594e-02	4.999866e+00	1.259708e+02
5.000056188644499e-04	-1.655850e-01	4.999866e+00	9.988714e+01
5.000061786980136e-04	-2.375769e-01	4.999866e+00	8.910139e+01
5.000068501360001e-04	-2.556731e-01	4.999866e+00	7.865224e+01
5.000073907945877e-04	-2.524792e-01	4.999866e+00	7.184733e+01
5.000079863438840e-04	-2.533993e-01	4.999866e+00	6.566450e+01
5.000087111289477e-04	-2.530837e-01	4.999866e+00	5.961622e+01
5.000100725761675e-04	-2.528014e-01	4.999866e+00	5.137996e+01
5.000123195838885e-04	-2.514842e-01	4.999866e+00	4.327886e+01
5.000146911358690e-04	-2.498620e-01	4.999866e+00	3.864186e+01
5.000175514285180e-04	-2.475447e-01	4.999866e+00	3.517993e+01
5.000209107422215e-04	-2.448437e-01	4.999866e+00	3.226163e+01
5.000258796865118e-04	-2.406829e-01	4.999866e+00	2.874747e+01
5.000328840603749e-04	-2.349326e-01	4.999866e+00	2.455174e+01
5.000428840603749e-04	-2.266493e-01	4.999866e+00	1.960272e+01
5.000528840603750e-04	-2.185277e-01	4.999866e+00	1.565681e+01
5.000628840603750e-04	-2.103513e-01	4.999866e+00	1.251175e+01
5.000728840603751e-04	-2.023381e-01	4.999866e+00	1.000468e+01
5.000828840603751e-04	-1.942622e-01	4.999866e+00	8.006282e+00
5.000928840603752e-04	-1.863392e-01	4.999866e+00	6.413312e+00
5.001028840603752e-04	-1.783788e-01	4.999866e+00	5.143528e+00
5.001128840603753e-04	-1.705459e-01	4.999866e+00	4.131359e+00
5.001228840603753e-04	-1.627269e-01	4.999866e+00	3.324536e+00
5.001328840603754e-04	-1.550106e-01	4.999866e+00	2.681401e+00
5.001428840603754e-04	-1.473618e-01	4.999866e+00	2.168739e+00
5.001528840603755e-04	-1.398139e-01	4.999866e+00	1.760082e+00
5.001628840603755e-04	-1.323742e-01	4.999866e+00	1.434326e+00
5.001728840603756e-04	-1.250574e-01	4.999866e+00	1.174652e+00
5.001828840603756e-04	-1.178823e-01	4.999866e+00	9.676495e-01
5.001928840603757e-04	-1.108614e-01	4.999866e+00	8.026326e-01
5.002028840603757e-04	-1.040147e-01	4.999866e+00	6.710814e-01
5.002128840603758e-04	-9.735349e-02	4.999866e+00	5.662049e-01
5.002228840603758e-04	-9.089583e-02	4.999866e+00	4.825901e-01
5.002328840603759e-04	-8.464963e-02	4.999866e+00	4.159224e-01
5.002428840603759e-04	-7.862917e-02	4.999866e+00	3.627625e-01
5.002528840603760e-04	-7.283756e-02	4.999866e+00	3.203694e-01
5.002628840603760e-04	-6.728405e-02	4.999866e+00	2.865581e-01
5.002728840603761e-04	-6.196648e-02	4.999866e+00	2.595873e-01
5.002828840603761e-04	-5.688902e-02	4.999866e+00	2.380691e-01
5.002928840603762e-04	-5.204469e-02	4.999866e+00	2.208975e-01
5.003028840603762e-04	-4.743334e-02	4.999866e+00	2.071908e-01
5.003128840603763e-04	-4.304425e-02	4.999866e+00	1.962467e-01
5.003228840603763e-04	-3.887415e-02	4.999866e+00	1.875052e-01
5.003328840603764e-04	-3.490985e-02	4.999866e+00	1.805201e-01
5.003428840603764e-04	-3.114623e-02	4.999866e+00	1.749359e-01
5.003528840603765e-04	-2.756895e-02	4.999866e+00	1.704691e-01
5.003628840603765e-04	-2.417211e-02	4.999866e+00	1.668939e-01
5.003728840603766e-04	-2.094103e-02	4.999866e+00	1.640302e-01
5.003828840603766e-04	-1.786986e-02	4.999866e+00	1.617344e-01
5.003928840603767e-04	-1.494430e-02	4.999866e+00	1.598922e-01
5.004028840603767e-04	-1.215904e-02	4.999866e+00	1.584124e-01
5.004128840603768e-04	-9.500576e-03	4.999866e+00	1.572221e-01
5.004228840603768e-04	-6.964457e-03	4.999866e+00	1.562634e-01
5.004328840603769e-04	-4.538154e-03	4.999866e+00	1.554899e-01
5.004428840603769e-04	-2.218181e-03	4.999866e+00	1.548647e-01
5.004528840603770e-04	6.954171e-06	4.999866e+00	1.543584e-01
5.004628840603770e-04	2.139758e-03	4.999866e+00	1.539473e-01
5.004728840603771e-04	4.190718e-03	4.999866e+00	1.536127e-01
5.004828840603771e-04	6.161420e-03	4.999866e+00	1.533394e-01
5.004928840603772e-04	8.061430e-03	4.999866e+00	1.531156e-01
5.005000010000000e-04	9.370128e-03	4.999866e+00	1.529813e-01
5.005000020000000e-04	9.370439e-03	4.999866e+00	1.530068e-01
5.005000179999999e-04	9.373877e-03	4.999866e+00	1.538222e-01
5.005000499999998e-04	9.379516e-03	4.999866e+00	1.554516e-01
5.005001117168631e-04	9.391018e-03	4.999866e+00	1.585894e-01
5.005002351505896e-04	9.413974e-03	4.999866e+00	1.648455e-01
5.005004820180427e-04	9.461529e-03	4.999866e+00	1.772808e-01
5.005009757529489e-04	9.561540e-03	4.999866e+00	2.018496e-01
5.005019632227613e-04	9.781814e-03	4.999866e+00	2.498226e-01
5.005039381623860e-04	1.029596e-02	4.999866e+00	3.414301e-01
5.005078880416355e-04	1.157773e-02	4.999866e+00	5.095522e-01
5.005157878001346e-04	1.489002e-02	4.999866e+00	7.996644e-01
5.005257765041212e-04	2.000027e-02	4.999866e+00	1.106343e+00
5.005357765041213e-04	2.566182e-02	4.999866e+00	1.373436e+00
5.005457765041213e-04	3.156184e-02	4.999866e+00	1.618681e+00
5.005557765041214e-04	3.754371e-02	4.999866e+00	1.851950e+00
5.005657765041214e-04	4.353124e-02	4.999866e+00	2.078625e+00
5.005757765041215e-04	4.948902e-02	4.999866e+00	2.301640e+00
5.005857765041215e-04	5.540360e-02	4.999866e+00	2.522596e+00
5.005957765041216e-04	6.127143e-02	4.999866e+00	2.742370e+00
5.006057765041216e-04	6.709463e-02	4.999866e+00	2.961442e+00
5.006157765041217e-04	7.287680e-02	4.999866e+00	3.180074e+00
5.006257765041217e-04	7.862285e-02	4.999866e+00	3.398413e+00
5.006357765041218e-04	8.433702e-02	4.999866e+00	3.616540e+00
5.006457765041218e-04	9.002386e-02	4.999866e+00	3.834501e+00
5.006557765041219e-04	9.568682e-02	4.999866e+00	4.052320e+00
5.006657765041219e-04	1.013295e-01	4.999866e+00	4.270015e+00
5.006757765041220e-04	1.069544e-01	4.999866e+00	4.487593e+00
5.006857765041220e-04	1.125643e-01	4.999866e+00	4.705060e+00
5.006957765041221e-04	1.181609e-01	4.999866e+00	4.922421e+00
5.007057765041221e-04	1.237464e-01	4.999866e+00	5.139678e+00
5.007157765041222e-04	1.293219e-01	4.999866e+00	5.356831e+00
5.007257765041222e-04	1.348890e-01	4.999866e+00	5.573884e+00
5.007357765041223e-04	1.404485e-01	4.999866e+00	5.790837e+00
5.007457765041223e-04	1.460016e-01	4.999866e+00	6.007690e+00
5.007557765041224e-04	1.515488e-01	4.999866e+00	6.224446e+00
5.007657765041224e-04	1.570910e-01	4.999866e+00	6.441103e+00
5.007757765041225e-04	1.626285e-01	4.999866e+00	6.657663e+00
5.007857765041225e-04	1.681621e-01	4.999866e+00	6.874126e+00
5.007957765041226e-04	1.736919e-01	4.999866e+00	7.090493e+00
5.008057765041226e-04	1.792185e-01	4.999866e+00	7.306764e+00
5.008157765041227e-04	1.847419e-01	4.999866e+00	7.522938e+00
5.008257765041227e-04	1.902626e-01	4.999866e+00	7.739017e+00
5.008357765041228e-04	1.957805e-01	4.999866e+00	7.955001e+00
5.008457765041228e-04	2.012961e-01	4.999866e+00	8.170889e+00
5.008557765041229e-04	2.068092e-01	4.999866e+00	8.386682e+00
5.008657765041229e-04	2.123203e-01	4.999866e+00	8.602380e+00
5.008757765041230e-04	2.178291e-01	4.999866e+00	8.817983e+00
5.008857765041230e-04	2.233360e-01	4.999866e+00	9.033491e+00
5.008957765041231e-04	2.288407e-01	4.999866e+00	9.248905e+00
5.009057765041231e-04	2.343436e-01	4.999866e+00	9.464224e+00
5.009157765041232e-04	2.398445e-01	4.999866e+00	9.679448e+00
5.009257765041232e-04	2.453435e-01	4.999866e+00	9.894578e+00
5.009357765041232e-04	2.508406e-01	4.999866e+00	1.010961e+01
5.009457765041233e-04	2.563359e-01	4.999866e+00	1.032455e+01
5.009557765041233e-04	2.618293e-01	4.999866e+00	1.053940e+01
5.009657765041234e-04	2.673208e-01	4.999866e+00	1.075415e+01
5.009757765041234e-04	2.728104e-01	4.999866e+00	1.096881e+01
5.009857765041235e-04	2.782982e-01	4.999866e+00	1.118338e+01
5.009957765041235e-04	2.837839e-01	4.999866e+00	1.139785e+01
5.010057765041236e-04	2.892679e-01	4.999866e+00	1.161222e+01
5.010157765041236e-04	2.947498e-01	4.999866e+00	1.182650e+01
5.010257765041237e-04	3.002299e-01	4.999866e+00	1.204069e+01
5.010357765041237e-04	3.057078e-01	4.999866e+00	1.225478e+01
5.010457765041238e-04	3.111839e-01	4.999866e+00	1.246878e+01
5.010557765041238e-04	3.166579e-01	4.999866e+00	1.268269e+01
5.010657765041239e-04	3.221299e-01	4.999866e+00	1.289650e+01
5.010757765041239e-04	3.275997e-01	4.999866e+00	1.311022e+01
5.010857765041240e-04	3.330675e-01	4.999866e+00	1.332384e+01
5.010957765041240e-04	3.385331e-01	4.999866e+00	1.353737e+01
5.011057765041241e-04	3.439967e-01	4.999866e+00	1.375081e+01
5.011157765041241e-04	3.494580e-01	4.999866e+00	1.396415e+01
5.011257765041242e-04	3.549172e-01	4.999866e+00	1.417740e+01
5.011357765041242e-04	3.603740e-01	4.999866e+00	1.439056e+01
5.011457765041243e-04	3.658287e-01	4.999866e+00	1.460362e+01
5.011557765041243e-04	3.712810e-01	4.999866e+00	1.481658e+01
5.011657765041244e-04	3.767311e-01	4.999866e+00	1.502946e+01
5.011757765041244e-04	3.821787e-01	4.999866e+00	1.524224e+01
5.011857765041245e-04	3.876241e-01	4.999866e+00	1.545492e+01
5.011957765041245e-04	3.930670e-01	4.999866e+00	1.566752e+01
5.012057765041246e-04	3.985076e-01	4.999866e+00	1.588002e+01
5.012157765041246e-04	4.039456e-01	4.999866e+00	1.609242e+01
5.012257765041247e-04	4.093813e-01	4.999866e+00	1.630474e+01
5.012357765041247e-04	4.148144e-01	4.999866e+00	1.651695e+01
5.012457765041248e-04	4.202450e-01	4.999866e+00	1.672908e+01
5.012557765041248e-04	4.256730e-01	4.999866e+00	1.694111e+01
5.012657765041249e-04	4.310985e-01	4.999866e+00	1.715305e+01
5.012757765041249e-04	4.365213e-01	4.999866e+00	1.736489e+01
5.012857765041250e-04	4.419416e-01	4.999866e+00	1.757664e+01
5.012957765041250e-04	4.473592e-01	4.999866e+00	1.778830e+01
5.013057765041251e-04	4.527742e-01	4.999866e+00	1.799987e+01
5.013157765041251e-04	4.581863e-01	4.999866e+00	1.821134e+01
5.013257765041252e-04	4.635959e-01	4.999866e+00	1.842272e+01
5.013357765041252e-04	4.690026e-01	4.999866e+00	1.863400e+01
5.013457765041253e-04	4.744066e-01	4.999866e+00	1.884520e+01
5.013557765041253e-04	4.798077e-01	4.999866e+00	1.905629e+01
5.013657765041254e-04	4.852061e-01	4.999866e+00	1.926730e+01
5.013757765041254e-04	4.906016e-01	4.999866e+00	1.947821e+01
5.013857765041255e-04	4.959943e-01	4.999866e+00	1.968903e+01
5.013957765041255e-04	5.013840e-01	4.999866e+00	1.989976e+01
5.014057765041256e-04	5.067708e-01	4.999866e+00	2.011039e+01
5.014157765041256e-04	5.121547e-01	4.999866e+00	2.032093e+01
5.014257765041257e-04	5.175357e-01	4.999866e+00	2.053138e+01
5.014357765041257e-04	5.229136e-01	4.999866e+00	2.074173e+01
5.014457765041258e-04	5.282886e-01	4.999866e+00	2.095199e+01
5.014557765041258e-04	5.336605e-01	4.999866e+00	2.116216e+01
5.014657765041258e-04	5.390294e-01	4.999866e+00	2.137224e+01
5.014757765041259e-04	5.443951e-01	4.999866e+00	2.158222e+01
5.014857765041259e-04	5.497579e-01	4.999866e+00	2.179211e+01
5.014957765041260e-04	5.551175e-01	4.999866e+00	2.200191e+01
5.015057765041260e-04	5.604740e-01	4.999866e+00	2.221161e+01
5.015157765041261e-04	5.658273e-01	4.999866e+00	2.242122e+01
5.015257765041261e-04	5.711774e-01	4.999866e+00	2.263074e+01
5.015357765041262e-04	5.765243e-01	4.999866e+00	2.284017e+01
5.015457765041262e-04	5.818681e-01	4.999866e+00	2.304950e+01
5.015557765041263e-04	5.872085e-01	4.999866e+00	2.325874e+01
5.015657765041263e-04	5.925457e-01	4.999866e+00	2.346789e+01
5.015757765041264e-04	5.978796e-01	4.999866e+00	2.367694e+01
5.015857765041264e-04	6.032103e-01	4.999866e+00	2.388591e+01
5.015957765041265e-04	6.085376e-01	4.999866e+00	2.409478e+01
5.016057765041265e-04	6.138616e-01	4.999866e+00	2.430355e+01
5.016157765041266e-04	6.191822e-01	4.999866e+00	2.451224e+01
5.016257765041266e-04	6.244995e-01	4.999866e+00	2.472083e+01
5.016357765041267e-04	6.298133e-01	4.999866e+00	2.492933e+01
5.016457765041267e-04	6.351238e-01	4.999866e+00	2.513774e+01
5.016557765041268e-04	6.404307e-01	4.999866e+00	2.534606e+01
5.016657765041268e-04	6.457344e-01	4.999866e+00	2.555428e+01
5.016757765041269e-04	6.510344e-01	4.999866e+00	2.576241e+01
5.016857765041269e-04	6.563310e-01	4.999866e+00	2.597045e+01
5.016957765041270e-04	6.616241e-01	4.999866e+00	2.617840e+01
5.017057765041270e-04	6.669137e-01	4.999866e+00	2.638625e+01
5.017157765041271e-04	6.721997e-01	4.999866e+00	2.659402e+01
5.017257765041271e-04	6.774822e-01	4.999866e+00	2.680169e+01
5.017357765041272e-04	6.827610e-01	4.999866e+00	2.700926e+01
5.017457765041272e-04	6.880363e-01	4.999866e+00	2.721675e+01
5.017557765041273e-04	6.933080e-01	4.999866e+00	2.742414e+01
5.017657765041273e-04	6.985761e-01	4.999866e+00	2.763144e+01
5.017757765041274e-04	7.038404e-01	4.999866e+00	2.783866e+01
5.017857765041274e-04	7.091013e-01	4.999866e+00	2.804577e+01
5.017957765041275e-04	7.143583e-01	4.999866e+00	2.825280e+01
5.018057765041275e-04	7.196116e-01	4.999866e+00	2.845973e+01
5.018157765041276e-04	7.248613e-01	4.999866e+00	2.866658e+01
5.018257765041276e-04	7.301072e-01	4.999866e+00	2.887333e+01
5.018357765041277e-04	7.353494e-01	4.999866e+00	2.907998e+01
5.018457765041277e-04	7.405879e-01	4.999866e+00	2.928655e+01
5.018557765041278e-04	7.458225e-01	4.999866e+00	2.949303e+01
5.018657765041278e-04	7.510534e-01	4.999866e+00	2.969941e+01
5.018757765041279e-04	7.562804e-01	4.999866e+00	2.990570e+01
5.018857765041279e-04	7.615037e-01	4.999866e+00	3.011190e+01
5.018957765041280e-04	7.667230e-01	4.999866e+00	3.031801e+01
5.019057765041280e-04	7.719386e-01	4.999866e+00	3.052403e+01
5.019157765041281e-04	7.771503e-01	4.999866e+00	3.072995e+01
5.019257765041281e-04	7.823581e-01	4.999866e+00	3.093579e+01
5.019357765041282e-04	7.875620e-01	4.999866e+00	3.114153e+01
5.019457765041282e-04	7.927620e-01	4.999866e+00	3.134718e+01
5.019557765041283e-04	7.979581e-01	4.999866e+00	3.155274e+01
5.019657765041283e-04	8.031502e-01	4.999866e+00	3.175821e+01
5.019757765041283e-04	8.083383e-01	4.999866e+00	3.196358e+01
5.019857765041284e-04	8.135226e-01	4.999866e+00	3.216887e+01
5.019957765041284e-04	8.187028e-01	4.999866e+00	3.237406e+01
5.020057765041285e-04	8.238791e-01	4.999866e+00	3.257917e+01
5.020157765041285e-04	8.290513e-01	4.999866e+00	3.278418e+01
5.020257765041286e-04	8.342195e-01	4.999866e+00	3.298910e+01
5.020357765041286e-04	8.393837e-01	4.999866e+00	3.319392e+01
5.020457765041287e-04	8.445438e-01	4.999866e+00	3.339866e+01
5.020557765041287e-04	8.496998e-01	4.999866e+00	3.360331e+01
5.020657765041288e-04	8.548518e-01	4.999866e+00	3.380787e+01
5.020757765041288e-04	8.599997e-01	4.999866e+00	3.401233e+01
5.020857765041289e-04	8.651435e-01	4.999866e+00	3.421670e+01
5.020957765041289e-04	8.702831e-01	4.999866e+00	3.442099e+01
5.021057765041290e-04	8.754187e-01	4.999866e+00	3.462518e+01
5.021157765041290e-04	8.805501e-01	4.999866e+00	3.482928e+01
5.021257765041291e-04	8.856774e-01	4.999866e+00	3.503329e+01
5.021357765041291e-04	8.908005e-01	4.999866e+00	3.523721e+01
5.021457765041292e-04	8.959194e-01	4.999866e+00	3.544104e+01
5.021557765041292e-04	9.010341e-01	4.999866e+00	3.564477e+01
5.021657765041293e-04	9.061447e-01	4.999866e+00	3.584842e+01
5.021757765041293e-04	9.112510e-01	4.999866e+00	3.605198e+01
5.021857765041294e-04	9.163531e-01	4.999866e+00	3.625544e+01
5.021957765041294e-04	9.214510e-01	4.999866e+00	3.645881e+01
5.022057765041295e-04	9.265446e-01	4.999866e+00	3.666210e+01
5.022157765041295e-04	9.316339e-01	4.999866e+00	3.686529e+01
5.022257765041296e-04	9.367191e-01	4.999866e+00	3.706839e+01
5.022357765041296e-04	9.417998e-01	4.999866e+00	3.727140e+01
5.022457765041297e-04	9.468764e-01	4.999866e+00	3.747433e+01
5.022557765041297e-04	9.519486e-01	4.999866e+00	3.767716e+01
5.022657765041298e-04	9.570165e-01	4.999866e+00	3.787990e+01
5.022757765041298e-04	9.620801e-01	4.999866e+00	3.808255e+01
5.022857765041299e-04	9.671394e-01	4.999866e+00	3.828511e+01
5.022957765041299e-04	9.721943e-01	4.999866e+00	3.848758e+01
5.023057765041300e-04	9.772449e-01	4.999866e+00	3.868996e+01
5.023157765041300e-04	9.822910e-01	4.999866e+00	3.889225e+01
5.023257765041301e-04	9.873328e-01	4.999866e+00	3.909444e+01
5.023357765041301e-04	9.923702e-01	4.999866e+00	3.929655e+01
5.023457765041302e-04	9.974033e-01	4.999866e+00	3.949857e+01
5.023557765041302e-04	1.002432e+00	4.999866e+00	3.970050e+01
5.023657765041303e-04	1.007456e+00	4.999866e+00	3.990234e+01
5.023757765041303e-04	1.012476e+00	4.999866e+00	4.010408e+01
5.023857765041304e-04	1.017491e+00	4.999866e+00	4.030574e+01
5.023957765041304e-04	1.022502e+00	4.999866e+00	4.050731e+01
5.024057765041305e-04	1.027509e+00	4.999866e+00	4.070879e+01
5.024157765041305e-04	1.032511e+00	4.999866e+00	4.091018e+01
5.024257765041306e-04	1.037508e+00	4.999866e+00	4.111147e+01
5.024357765041306e-04	1.042501e+00	4.999866e+00	4.131268e+01
5.024457765041307e-04	1.047490e+00	4.999866e+00	4.151380e+01
5.024557765041307e-04	1.052474e+00	4.999866e+00	4.171483e+01
5.024657765041308e-04	1.057453e+00	4.999866e+00	4.191577e+01
5.024757765041308e-04	1.062428e+00	4.999866e+00	4.211662e+01
5.024857765041308e-04	1.067399e+00	4.999866e+00	4.231738e+01
5.024957765041309e-04	1.072365e+00	4.999866e+00	4.251805e+01
5.025057765041309e-04	1.077326e+00	4.999866e+00	4.271863e+01
5.025157765041310e-04	1.082283e+00	4.999866e+00	4.291912e+01
5.025257765041310e-04	1.087235e+00	4.999866e+00	4.311952e+01
5.025357765041311e-04	1.092183e+00	4.999866e+00	4.331983e+01
5.025457765041311e-04	1.097126e+00	4.999866e+00	4.352005e+01
5.025557765041312e-04	1.102065e+00	4.999866e+00	4.372018e+01
5.025657765041312e-04	1.106999e+00	4.999866e+00	4.392023e+01
5.025757765041313e-04	1.111928e+00	4.999866e+00	4.412018e+01
5.025857765041313e-04	1.116853e+00	4.999866e+00	4.432005e+01
5.025957765041314e-04	1.121773e+00	4.999866e+00	4.451982e+01
5.026057765041314e-04	1.126689e+00	4.999866e+00	4.471951e+01
5.026157765041315e-04	1.131599e+00	4.999866e+00	4.491910e+01
5.026257765041315e-04	1.136506e+00	4.999866e+00	4.511861e+01
5.026357765041316e-04	1.141407e+00	4.999866e+00	4.531802e+01
5.026457765041316e-04	1.146304e+00	4.999866e+00	4.551735e+01
5.026557765041317e-04	1.151196e+00	4.999866e+00	4.571659e+01
5.026657765041317e-04	1.156084e+00	4.999866e+00	4.591574e+01
5.026757765041318e-04	1.160967e+00	4.999866e+00	4.611481e+01
5.026857765041318e-04	1.165845e+00	4.999865e+00	4.631378e+01
5.026957765041319e-04	1.170719e+00	4.999865e+00	4.651266e+01
5.027057765041319e-04	1.175588e+00	4.999769e+00	4.671146e+01
5.027070265041319e-04	1.176196e+00	4.999720e+00	4.673630e+01
5.027095265041319e-04	1.177412e+00	4.996630e+00	4.678598e+01
5.027105290445951e-04	1.177900e+00	4.984487e+00	4.680590e+01
5.027112434670453e-04	1.178248e+00	4.956090e+00	4.682010e+01
5.027117427608567e-04	1.178490e+00	4.907865e+00	4.683002e+01
5.027121345938223e-04	1.178681e+00	4.822457e+00	4.683780e+01
5.027125765641580e-04	1.178896e+00	4.663015e+00	4.684658e+01
5.027130164711328e-04	1.179110e+00	4.463954e+00	4.685533e+01
5.027137610050792e-04	1.179472e+00	4.063798e+00	4.687012e+01
5.027145226594359e-04	1.179842e+00	3.557951e+00	4.688525e+01
5.027158159878988e-04	1.180471e+00	2.289923e+00	4.691095e+01
5.027172187617536e-04	1.181153e+00	1.542827e-01	4.693881e+01
5.027176350298169e-04	1.181355e+00	-2.822373e-02	4.694708e+01
5.027178497808849e-04	1.181460e+00	1.733797e-02	4.695135e+01
5.027178964214379e-04	1.181482e+00	3.068971e-03	4.695227e+01
5.027179218055548e-04	1.181495e+00	1.401867e-03	4.695278e+01
5.027179461020930e-04	1.181507e+00	7.087123e-04	4.695326e+01
5.027179732176231e-04	1.181520e+00	3.806622e-04	4.695380e+01
5.027180274486833e-04	1.181546e+00	1.856283e-04	4.695488e+01
5.027180933847475e-04	1.181578e+00	1.685556e-04	4.695618e+01
5.027183745776278e-04	1.181715e+00	1.404881e-04	4.696177e+01
5.027187067731521e-04	1.181876e+00	1.177948e-04	4.696837e+01
5.027193711642009e-04	1.182199e+00	8.969538e-05	4.698157e+01
5.027206999462985e-04	1.182845e+00	8.346154e-05	4.700796e+01
5.027233575104936e-04	1.184136e+00	8.431041e-05	4.706074e+01
5.027286726388839e-04	1.186718e+00	8.274626e-05	4.716628e+01
5.027386726388839e-04	1.191571e+00	8.315111e-05	4.736478e+01
5.027486726388840e-04	1.196420e+00	8.213471e-05	4.756320e+01
5.027586726388840e-04	1.201264e+00	8.278276e-05	4.776152e+01
5.027686726388841e-04	1.206103e+00	8.188793e-05	4.795976e+01
5.027786726388841e-04	1.210937e+00	8.262732e-05	4.815791e+01
5.027986726388842e-04	1.220592e+00	8.257615e-05	4.855393e+01
5.028301012103129e-04	1.235725e+00	8.236185e-05	4.917554e+01
5.028615297817417e-04	1.250811e+00	8.221446e-05	4.979628e+01
5.028929583531704e-04	1.265849e+00	8.213398e-05	5.041615e+01
5.029243869245991e-04	1.280839e+00	8.212041e-05	5.103515e+01
5.029558154960278e-04	1.295782e+00	8.217375e-05	5.165328e+01
5.029872440674566e-04	1.310677e+00	8.229399e-05	5.227053e+01
5.030186726388853e-04	1.325524e+00	8.248115e-05	5.288692e+01
5.032286726388863e-04	1.423520e+00	8.238173e-05	5.698245e+01
5.034386726388873e-04	1.519282e+00	8.230102e-05	6.104042e+01
5.036486726388884e-04	1.612812e+00	8.223904e-05	6.506083e+01
5.038586726388894e-04	1.704108e+00	8.219578e-05	6.904368e+01
5.040686726388904e-04	1.793172e+00	8.217123e-05	7.298897e+01
5.042786726388915e-04	1.880003e+00	8.216541e-05	7.689669e+01
5.044886726388925e-04	1.964602e+00	8.217831e-05	8.076685e+01
5.046886726388935e-04	2.043075e+00	8.218560e-05	8.441969e+01
5.051343869246099e-04	2.209977e+00	8.221164e-05	9.243524e+01
5.055801012103264e-04	2.367772e+00	8.223115e-05	1.002994e+02
5.060258154960429e-04	2.516460e+00	8.224413e-05	1.080122e+02
5.064715297817594e-04	2.656040e+00	8.225058e-05	1.155736e+02
5.069172440674758e-04	2.786512e+00	8.225050e-05	1.229836e+02
5.073629583531923e-04	2.907877e+00	8.224389e-05	1.302422e+02
5.078086726389088e-04	3.020135e+00	8.223076e-05	1.373494e+02
5.081901012103392e-04	3.110067e+00	8.223466e-05	1.433220e+02
5.085715297817696e-04	3.194947e+00	8.223780e-05	1.491976e+02
5.089529583532001e-04	3.274777e+00	8.224020e-05	1.549763e+02
5.093343869246305e-04	3.349555e+00	8.224184e-05	1.606581e+02
5.097158154960610e-04	3.419282e+00	8.224274e-05	1.662431e+02
5.100972440674914e-04	3.483958e+00	8.224288e-05	1.717311e+02
5.104786726389219e-04	3.543582e+00	8.224227e-05	1.771222e+02
5.106058154960653e-04	3.562640e+00	8.224154e-05	1.789002e+02
5.107329583532088e-04	3.581248e+00	8.224089e-05	1.806683e+02
5.108601012103523e-04	3.599405e+00	8.224034e-05	1.824266e+02
5.109872440674958e-04	3.617112e+00	8.223987e-05	1.841749e+02
5.111143869246393e-04	3.634368e+00	8.223949e-05	1.859133e+02
5.112415297817827e-04	3.651175e+00	8.223919e-05	1.876418e+02
5.113686726389262e-04	3.667531e+00	8.223898e-05	1.893604e+02
5.115915297817845e-04	3.695133e+00	8.223960e-05	1.923489e+02
5.118143869246427e-04	3.721435e+00	8.224005e-05	1.953086e+02
5.120372440675009e-04	3.746436e+00	8.224033e-05	1.982396e+02
5.122601012103592e-04	3.770136e+00	8.224044e-05	2.011417e+02
5.124829583532174e-04	3.792536e+00	8.224038e-05	2.040150e+02
5.127058154960756e-04	3.813634e+00	8.224016e-05	2.068595e+02
5.129286726389339e-04	3.833432e+00	8.223976e-05	2.096752e+02
5.130643869246488e-04	3.844882e+00	8.223993e-05	2.113765e+02
5.132001012103638e-04	3.855892e+00	8.224007e-05	2.130678e+02
5.133358154960787e-04	3.866463e+00	8.224018e-05	2.147489e+02
5.134715297817937e-04	3.876594e+00	8.224027e-05	2.164200e+02
5.136072440675086e-04	3.886285e+00	8.224034e-05	2.180809e+02
5.137429583532236e-04	3.895537e+00	8.224038e-05	2.197318e+02
5.138786726389385e-04	3.904350e+00	8.224040e-05	2.213726e+02
5.139929583532248e-04	3.911449e+00	8.224030e-05	2.227467e+02
5.141072440675111e-04	3.918285e+00	8.224022e-05	2.241139e+02
5.142215297817974e-04	3.924860e+00	8.224018e-05	2.254743e+02
5.143358154960836e-04	3.931173e+00	8.224016e-05	2.268278e+02
5.144501012103699e-04	3.937223e+00	8.224017e-05	2.281744e+02
5.145643869246562e-04	3.943012e+00	8.224021e-05	2.295142e+02
5.146786726389425e-04	3.948538e+00	8.224029e-05	2.308471e+02
5.147143869246569e-04	3.950221e+00	8.224026e-05	2.312623e+02
5.147501012103714e-04	3.951881e+00	8.224023e-05	2.316768e+02
5.147858154960858e-04	3.953519e+00	8.224021e-05	2.320907e+02
5.148215297818003e-04	3.955134e+00	8.224019e-05	2.325039e+02
5.148572440675148e-04	3.956726e+00	8.224017e-05	2.329165e+02
5.148929583532292e-04	3.958296e+00	8.224016e-05	2.333284e+02
5.149286726389437e-04	3.959843e+00	8.224014e-05	2.337397e+02
5.150000000000000e-04	3.962867e+00	8.224016e-05	2.345591e+02
5.150000010000000e-04	3.962867e+00	8.224003e-05	2.345200e+02
5.150000170000000e-04	3.962857e+00	8.224016e-05	2.332731e+02
5.150000489999999e-04	3.962798e+00	8.224022e-05	2.308011e+02
5.150001100525096e-04	3.962540e+00	8.224021e-05	2.261644e+02
5.150002321575291e-04	3.961469e+00	8.224021e-05	2.171955e+02
5.150004763675683e-04	3.957236e+00	8.224021e-05	2.004103e+02
5.150009647876464e-04	3.941322e+00	8.224021e-05	1.709738e+02
5.150019416278027e-04	3.885731e+00	8.224021e-05	1.254795e+02
5.150032979598729e-04	3.771205e+00	8.224021e-05	8.383866e+01
5.150048670975346e-04	3.605947e+00	8.224021e-05	5.551997e+01
5.150062883371473e-04	3.440114e+00	8.224021e-05	4.079535e+01
5.150078122428071e-04	3.255256e+00	8.224021e-05	3.141296e+01
5.150094050290883e-04	3.060336e+00	8.224021e-05	2.565604e+01
5.150112791343223e-04	2.833779e+00	8.224021e-05	2.172717e+01
5.150133621802197e-04	2.589159e+00	8.224021e-05	1.921964e+01
5.150159204909938e-04	2.302093e+00	8.224021e-05	1.735980e+01
5.150190128926033e-04	1.976686e+00	8.224021e-05	1.586070e+01
5.150231848986400e-04	1.575606e+00	8.224021e-05	1.431091e+01
5.150289178892982e-04	1.092400e+00	8.224067e-05	1.253030e+01
5.150300526025939e-04	1.006831e+00	8.235288e-05	1.221307e+01
5.150319770336632e-04	8.660466e-01	9.116011e-05	1.168680e+01
5.150328101584210e-04	8.075004e-01	3.827479e-03	1.146620e+01
5.150332993035911e-04	7.737851e-01	2.739465e-02	1.133866e+01
5.150336307219258e-04	7.512161e-01	7.724559e-02	1.125306e+01
5.150339485983879e-04	7.297741e-01	1.897386e-01	1.117158e+01
5.150341873195229e-04	7.138041e-01	3.811745e-01	1.111079e+01
5.150344473729032e-04	6.965339e-01	8.189487e-01	1.104495e+01
5.150347006271652e-04	6.798435e-01	1.415854e+00	1.098121e+01
5.150350607813067e-04	6.563220e-01	2.329965e+00	1.089121e+01
5.150354259872655e-04	6.327275e-01	3.308833e+00	1.080072e+01
5.150357693526182e-04	6.107767e-01	4.267247e+00	1.071633e+01
5.150359853135770e-04	5.970864e-01	4.801408e+00	1.066361e+01
5.150360731528965e-04	5.915428e-01	4.930614e+00	1.064224e+01
5.150361372210210e-04	5.875092e-01	4.970220e+00	1.062668e+01
5.150361620544339e-04	5.859475e-01	4.978966e+00	1.062065e+01
5.150361995246926e-04	5.835938e-01	4.988364e+00	1.061157e+01
5.150362348379669e-04	5.813777e-01	4.994001e+00	1.060302e+01
5.150362882156640e-04	5.780327e-01	4.998269e+00	1.059010e+01
5.150363448147347e-04	5.744916e-01	4.999492e+00	1.057642e+01
5.150364026668820e-04	5.708784e-01	4.999675e+00	1.056246e+01
5.150364640981493e-04	5.670484e-01	4.999708e+00	1.054765e+01
5.150365633617987e-04	5.608748e-01	4.999732e+00	1.052378e+01
5.150367618890975e-04	5.485826e-01	4.999769e+00	1.047618e+01
5.150371589436949e-04	5.242180e-01	4.999817e+00	1.038166e+01
5.150379530528897e-04	4.763572e-01	4.999862e+00	1.019521e+01
5.150395412712795e-04	3.840324e-01	4.999865e+00	9.832478e+00
5.150427177080591e-04	2.123676e-01	4.999863e+00	9.145887e+00
5.150487774845077e-04	-6.755162e-02	4.999865e+00	7.968009e+00
5.150523799645340e-04	-1.704528e-01	4.999864e+00	7.344926e+00
5.150556111267918e-04	-1.911355e-01	4.999866e+00	6.832276e+00
5.150582894999889e-04	-1.861350e-01	4.999864e+00	6.438238e+00
5.150612617265358e-04	-1.843981e-01	4.999866e+00	6.029564e+00
5.150640773117636e-04	-1.819525e-01	4.999865e+00	5.667383e+00
5.150697084822193e-04	-1.774106e-01	4.999866e+00	5.008280e+00
5.150797084822194e-04	-1.696071e-01	4.999865e+00	4.023553e+00
5.150897084822194e-04	-1.617811e-01	4.999866e+00	3.238600e+00
5.150997084822195e-04	-1.540820e-01	4.999865e+00	2.612900e+00
5.151097084822195e-04	-1.464404e-01	4.999866e+00	2.114135e+00
5.151197084822196e-04	-1.389067e-01	4.999865e+00	1.716556e+00
5.151297084822196e-04	-1.314801e-01	4.999866e+00	1.399629e+00
5.151397084822197e-04	-1.241805e-01	4.999865e+00	1.146993e+00
5.151497084822197e-04	-1.170222e-01	4.999866e+00	9.456008e-01
5.151597084822198e-04	-1.100226e-01	4.999865e+00	7.850556e-01
5.151697084822198e-04	-1.031966e-01	4.999866e+00	6.570688e-01
5.151797084822199e-04	-9.656035e-02	4.999865e+00	5.550333e-01
5.151897084822199e-04	-9.012663e-02	4.999866e+00	4.736831e-01
5.151997084822200e-04	-8.390841e-02	4.999865e+00	4.088203e-01
5.152097084822200e-04	-7.791423e-02	4.999866e+00	3.570991e-01
5.152197084822201e-04	-7.215238e-02	4.999865e+00	3.158527e-01
5.152297084822201e-04	-6.662628e-02	4.999866e+00	2.829555e-01
5.152397084822202e-04	-6.133900e-02	4.999865e+00	2.567132e-01
5.152497084822202e-04	-5.628885e-02	4.999866e+00	2.357758e-01
5.152597084822203e-04	-5.147416e-02	4.999865e+00	2.190671e-01
5.152697084822203e-04	-4.688899e-02	4.999866e+00	2.057296e-01
5.152797084822204e-04	-4.252800e-02	4.999865e+00	1.950797e-01
5.152897084822204e-04	-3.838222e-02	4.999866e+00	1.865729e-01
5.152997084822205e-04	-3.444388e-02	4.999865e+00	1.797750e-01
5.153097084822205e-04	-3.070227e-02	4.999866e+00	1.743400e-01
5.153197084822206e-04	-2.714852e-02	4.999865e+00	1.699923e-01
5.153297084822206e-04	-2.377121e-02	4.999866e+00	1.665121e-01
5.153397084822207e-04	-2.056116e-02	4.999865e+00	1.637242e-01
5.153497084822207e-04	-1.750705e-02	4.999866e+00	1.614890e-01
5.153597084822208e-04	-1.460010e-02	4.999865e+00	1.596952e-01
5.153697084822208e-04	-1.182959e-02	4.999866e+00	1.582540e-01
5.153797084822209e-04	-9.187508e-03	4.999865e+00	1.570946e-01
5.153897084822209e-04	-6.664040e-03	4.999866e+00	1.561606e-01
5.153997084822210e-04	-4.252112e-03	4.999865e+00	1.554069e-01
5.154097084822210e-04	-1.942927e-03	4.999866e+00	1.547976e-01
5.154197084822211e-04	2.695886e-04	4.999865e+00	1.543039e-01
5.154297084822211e-04	2.393225e-03	4.999866e+00	1.539030e-01
5.154397084822212e-04	4.433084e-03	4.999865e+00	1.535765e-01
5.154497084822212e-04	6.396012e-03	4.999866e+00	1.533099e-01
5.154597084822213e-04	8.286223e-03	4.999865e+00	1.530914e-01
5.154697084822213e-04	1.010971e-02	4.999866e+00	1.529117e-01
5.154797084822214e-04	1.186990e-02	4.999865e+00	1.527632e-01
5.154897084822214e-04	1.357205e-02	4.999866e+00	1.526400e-01
5.154997084822214e-04	1.521889e-02	4.999865e+00	1.525373e-01
5.155000010000000e-04	1.526654e-02	4.999866e+00	1.525346e-01
5.155000020000000e-04	1.526667e-02	4.999866e+00	1.525600e-01
5.155000179999999e-04	1.526914e-02	4.999866e+00	1.533731e-01
5.155000499999998e-04	1.527440e-02	4.999866e+00	1.549981e-01
5.155001117169574e-04	1.528452e-02	4.999866e+00	1.581272e-01
5.155002351508727e-04	1.530517e-02	4.999866e+00	1.643661e-01
5.155004820187033e-04	1.534774e-02	4.999866e+00	1.767673e-01
5.155009757543645e-04	1.543814e-02	4.999866e+00	2.012694e-01
5.155019632256868e-04	1.563893e-02	4.999866e+00	2.491141e-01
5.155039381683315e-04	1.611482e-02	4.999866e+00	3.404841e-01
5.155078880536208e-04	1.732167e-02	4.999866e+00	5.081983e-01
5.155157878241995e-04	2.049428e-02	4.999866e+00	7.977013e-01
5.155256223368758e-04	2.536803e-02	4.999866e+00	1.099459e+00
5.155356223368758e-04	3.089133e-02	4.999866e+00	1.366720e+00
5.155456223368759e-04	3.667808e-02	4.999866e+00	1.612025e+00
5.155556223368759e-04	4.256716e-02	4.999866e+00	1.845302e+00
5.155656223368760e-04	4.847799e-02	4.999866e+00	2.071960e+00
5.155756223368760e-04	5.437244e-02	4.999866e+00	2.294949e+00
5.155856223368761e-04	6.023419e-02	4.999866e+00	2.515877e+00
5.155956223368761e-04	6.605813e-02	4.999866e+00	2.735625e+00
5.156056223368762e-04	7.184444e-02	4.999866e+00	2.954673e+00
5.156156223368762e-04	7.759587e-02	4.999866e+00	3.173285e+00
5.156256223368763e-04	8.331596e-02	4.999866e+00	3.391608e+00
5.156356223368763e-04	8.900851e-02	4.999866e+00	3.609720e+00
5.156456223368764e-04	9.467702e-02	4.999866e+00	3.827669e+00
5.156556223368764e-04	1.003247e-01	4.999866e+00	4.045480e+00
5.156656223368765e-04	1.059545e-01	4.999866e+00	4.263167e+00
5.156756223368765e-04	1.115687e-01	4.999866e+00	4.480739e+00
5.156856223368766e-04	1.171695e-01	4.999866e+00	4.698202e+00
5.156956223368766e-04	1.227587e-01	4.999866e+00	4.915560e+00
5.157056223368767e-04	1.283378e-01	4.999866e+00	5.132813e+00
5.157156223368767e-04	1.339082e-01	4.999866e+00	5.349966e+00
5.157256223368768e-04	1.394709e-01	4.999866e+00	5.567019e+00
5.157356223368768e-04	1.450270e-01	4.999866e+00	5.783971e+00
5.157456223368769e-04	1.505771e-01	4.999866e+00	6.000825e+00
5.157556223368769e-04	1.561221e-01	4.999866e+00	6.217581e+00
5.157656223368770e-04	1.616624e-01	4.999866e+00	6.434240e+00
5.157756223368770e-04	1.671986e-01	4.999866e+00	6.650802e+00
5.157856223368771e-04	1.727310e-01	4.999866e+00	6.867267e+00
5.157956223368771e-04	1.782600e-01	4.999866e+00	7.083636e+00
5.158056223368772e-04	1.837859e-01	4.999866e+00	7.299909e+00
5.158156223368772e-04	1.893090e-01	4.999866e+00	7.516086e+00
5.158256223368773e-04	1.948293e-01	4.999866e+00	7.732168e+00
5.158356223368773e-04	2.003473e-01	4.999866e+00	7.948154e+00
5.158456223368774e-04	2.058628e-01	4.999866e+00	8.164045e+00
5.158556223368774e-04	2.113761e-01	4.999866e+00	8.379841e+00
5.158656223368775e-04	2.168873e-01	4.999866e+00	8.595542e+00
5.158756223368775e-04	2.223964e-01	4.999866e+00	8.811148e+00
5.158856223368776e-04	2.279035e-01	4.999866e+00	9.026659e+00
5.158956223368776e-04	2.334087e-01	4.999866e+00	9.242076e+00
5.159056223368777e-04	2.389119e-01	4.999866e+00	9.457397e+00
5.159156223368777e-04	2.444132e-01	4.999866e+00	9.672626e+00
5.159256223368778e-04	2.499126e-01	4.999866e+00	9.887758e+00
5.159356223368778e-04	2.554102e-01	4.999866e+00	1.010280e+01
5.159456223368779e-04	2.609058e-01	4.999866e+00	1.031774e+01
5.159556223368779e-04	2.663996e-01	4.999866e+00	1.053259e+01
5.159656223368780e-04	2.718915e-01	4.999866e+00	1.074735e+01
5.159756223368780e-04	2.773816e-01	4.999866e+00	1.096201e+01
5.159856223368780e-04	2.828697e-01	4.999866e+00	1.117658e+01
5.159956223368781e-04	2.883559e-01	4.999866e+00	1.139105e+01
5.160056223368781e-04	2.938402e-01	4.999866e+00	1.160543e+01
5.160156223368782e-04	2.993225e-01	4.999866e+00	1.181971e+01
5.160256223368782e-04	3.048028e-01	4.999866e+00	1.203390e+01
5.160356223368783e-04	3.102812e-01	4.999866e+00	1.224800e+01
5.160456223368783e-04	3.157575e-01	4.999866e+00	1.246200e+01
5.160556223368784e-04	3.212318e-01	4.999866e+00	1.267591e+01
5.160656223368784e-04	3.267040e-01	4.999866e+00	1.288973e+01
5.160756223368785e-04	3.321741e-01	4.999866e+00	1.310345e+01
5.160856223368785e-04	3.376421e-01	4.999866e+00	1.331707e+01
5.160956223368786e-04	3.431080e-01	4.999866e+00	1.353061e+01
5.161056223368786e-04	3.485717e-01	4.999866e+00	1.374405e+01
5.161156223368787e-04	3.540331e-01	4.999866e+00	1.395739e+01
5.161256223368787e-04	3.594924e-01	4.999866e+00	1.417064e+01
5.161356223368788e-04	3.649494e-01	4.999866e+00	1.438380e+01
5.161456223368788e-04	3.704041e-01	4.999866e+00	1.459687e+01
5.161556223368789e-04	3.758565e-01	4.999866e+00	1.480984e+01
5.161656223368789e-04	3.813066e-01	4.999866e+00	1.502271e+01
5.161756223368790e-04	3.867544e-01	4.999866e+00	1.523550e+01
5.161856223368790e-04	3.921997e-01	4.999866e+00	1.544818e+01
5.161956223368791e-04	3.976426e-01	4.999866e+00	1.566078e+01
5.162056223368791e-04	4.030831e-01	4.999866e+00	1.587328e+01
5.162156223368792e-04	4.085211e-01	4.999866e+00	1.608569e+01
5.162256223368792e-04	4.139567e-01	4.999866e+00	1.629801e+01
5.162356223368793e-04	4.193897e-01	4.999866e+00	1.651023e+01
5.162456223368793e-04	4.248202e-01	4.999866e+00	1.672236e+01
5.162556223368794e-04	4.302481e-01	4.999866e+00	1.693439e+01
5.162656223368794e-04	4.356733e-01	4.999866e+00	1.714633e+01
5.162756223368795e-04	4.410960e-01	4.999866e+00	1.735818e+01
5.162856223368795e-04	4.465161e-01	4.999866e+00	1.756993e+01
5.162956223368796e-04	4.519334e-01	4.999866e+00	1.778160e+01
5.163056223368796e-04	4.573481e-01	4.999866e+00	1.799316e+01
5.163156223368797e-04	4.627600e-01	4.999866e+00	1.820464e+01
5.163256223368797e-04	4.681692e-01	4.999866e+00	1.841602e+01
5.163356223368798e-04	4.735757e-01	4.999866e+00	1.862731e+01
5.163456223368798e-04	4.789793e-01	4.999866e+00	1.883850e+01
5.163556223368799e-04	4.843802e-01	4.999866e+00	1.904960e+01
5.163656223368799e-04	4.897781e-01	4.999866e+00	1.926061e+01
5.163756223368800e-04	4.951732e-01	4.999866e+00	1.947153e+01
5.163856223368800e-04	5.005655e-01	4.999866e+00	1.968235e+01
5.163956223368801e-04	5.059548e-01	4.999866e+00	1.989308e+01
5.164056223368801e-04	5.113412e-01	4.999866e+00	2.010371e+01
5.164156223368802e-04	5.167246e-01	4.999866e+00	2.031425e+01
5.164256223368802e-04	5.221050e-01	4.999866e+00	2.052471e+01
5.164356223368803e-04	5.274825e-01	4.999866e+00	2.073506e+01
5.164456223368803e-04	5.328569e-01	4.999866e+00	2.094533e+01
5.164556223368804e-04	5.382283e-01	4.999866e+00	2.115550e+01
5.164656223368804e-04	5.435966e-01	4.999866e+00	2.136557e+01
5.164756223368805e-04	5.489618e-01	4.999866e+00	2.157556e+01
5.164856223368805e-04	5.543239e-01	4.999866e+00	2.178545e+01
5.164956223368806e-04	5.596829e-01	4.999866e+00	2.199525e+01
5.165056223368806e-04	5.650387e-01	4.999866e+00	2.220496e+01
5.165156223368806e-04	5.703914e-01	4.999866e+00	2.241457e+01
5.165256223368807e-04	5.757408e-01	4.999866e+00	2.262409e+01
5.165356223368807e-04	5.810871e-01	4.999866e+00	2.283352e+01
5.165456223368808e-04	5.864301e-01	4.999866e+00	2.304286e+01
5.165556223368808e-04	5.917698e-01	4.999866e+00	2.325210e+01
5.165656223368809e-04	5.971063e-01	4.999866e+00	2.346125e+01
5.165756223368809e-04	6.024395e-01	4.999866e+00	2.367031e+01
5.165856223368810e-04	6.077693e-01	4.999866e+00	2.387927e+01
5.165956223368810e-04	6.130959e-01	4.999866e+00	2.408815e+01
5.166056223368811e-04	6.184191e-01	4.999866e+00	2.429693e+01
5.166156223368811e-04	6.237388e-01	4.999866e+00	2.450562e+01
5.166256223368812e-04	6.290553e-01	4.999866e+00	2.471421e+01
5.166356223368812e-04	6.343682e-01	4.999866e+00	2.492271e+01
5.166456223368813e-04	6.396778e-01	4.999866e+00	2.513112e+01
5.166556223368813e-04	6.449839e-01	4.999866e+00	2.533944e+01
5.166656223368814e-04	6.502866e-01	4.999866e+00	2.554767e+01
5.166756223368814e-04	6.555857e-01	4.999866e+00	2.575580e+01
5.166856223368815e-04	6.608813e-01	4.999866e+00	2.596384e+01
5.166956223368815e-04	6.661735e-01	4.999866e+00	2.617179e+01
5.167056223368816e-04	6.714621e-01	4.999866e+00	2.637965e+01
5.167156223368816e-04	6.767471e-01	4.999866e+00	2.658741e+01
5.167256223368817e-04	6.820286e-01	4.999866e+00	2.679509e+01
5.167356223368817e-04	6.873065e-01	4.999866e+00	2.700267e+01
5.167456223368818e-04	6.925807e-01	4.999866e+00	2.721016e+01
5.167556223368818e-04	6.978514e-01	4.999866e+00	2.741755e+01
5.167656223368819e-04	7.031183e-01	4.999866e+00	2.762486e+01
5.167756223368819e-04	7.083817e-01	4.999866e+00	2.783207e+01
5.167856223368820e-04	7.136413e-01	4.999866e+00	2.803919e+01
5.167956223368820e-04	7.188973e-01	4.999866e+00	2.824622e+01
5.168056223368821e-04	7.241495e-01	4.999866e+00	2.845315e+01
5.168156223368821e-04	7.293981e-01	4.999866e+00	2.866000e+01
5.168256223368822e-04	7.346429e-01	4.999866e+00	2.886675e+01
5.168356223368822e-04	7.398838e-01	4.999866e+00	2.907341e+01
5.168456223368823e-04	7.451211e-01	4.999866e+00	2.927998e+01
5.168556223368823e-04	7.503546e-01	4.999866e+00	2.948646e+01
5.168656223368824e-04	7.555842e-01	4.999866e+00	2.969284e+01
5.168756223368824e-04	7.608101e-01	4.999866e+00	2.989914e+01
5.168856223368825e-04	7.660321e-01	4.999866e+00	3.010534e+01
5.168956223368825e-04	7.712502e-01	4.999866e+00	3.031145e+01
5.169056223368826e-04	7.764645e-01	4.999866e+00	3.051747e+01
5.169156223368826e-04	7.816749e-01	4.999866e+00	3.072340e+01
5.169256223368827e-04	7.868814e-01	4.999866e+00	3.092923e+01
5.169356223368827e-04	7.920840e-01	4.999866e+00	3.113498e+01
5.169456223368828e-04	7.972827e-01	4.999866e+00	3.134063e+01
5.169556223368828e-04	8.024775e-01	4.999866e+00	3.154619e+01
5.169656223368829e-04	8.076683e-01	4.999866e+00	3.175166e+01
5.169756223368829e-04	8.128551e-01	4.999866e+00	3.195704e+01
5.169856223368830e-04	8.180379e-01	4.999866e+00	3.216233e+01
5.169956223368830e-04	8.232168e-01	4.999866e+00	3.236752e+01
5.170056223368831e-04	8.283916e-01	4.999866e+00	3.257263e+01
5.170156223368831e-04	8.335624e-01	4.999866e+00	3.277764e+01
5.170256223368831e-04	8.387292e-01	4.999866e+00	3.298256e+01
5.170356223368832e-04	8.438920e-01	4.999866e+00	3.318739e+01
5.170456223368832e-04	8.490506e-01	4.999866e+00	3.339213e+01
5.170556223368833e-04	8.542053e-01	4.999866e+00	3.359678e+01
5.170656223368833e-04	8.593557e-01	4.999866e+00	3.380134e+01
5.170756223368834e-04	8.645021e-01	4.999866e+00	3.400581e+01
5.170856223368834e-04	8.696445e-01	4.999866e+00	3.421018e+01
5.170956223368835e-04	8.747826e-01	4.999866e+00	3.441447e+01
5.171056223368835e-04	8.799167e-01	4.999866e+00	3.461866e+01
5.171156223368836e-04	8.850465e-01	4.999866e+00	3.482276e+01
5.171256223368836e-04	8.901723e-01	4.999866e+00	3.502678e+01
5.171356223368837e-04	8.952938e-01	4.999866e+00	3.523069e+01
5.171456223368837e-04	9.004112e-01	4.999866e+00	3.543452e+01
5.171556223368838e-04	9.055244e-01	4.999866e+00	3.563826e+01
5.171656223368838e-04	9.106333e-01	4.999866e+00	3.584191e+01
5.171756223368839e-04	9.157380e-01	4.999866e+00	3.604547e+01
5.171856223368839e-04	9.208385e-01	4.999866e+00	3.624894e+01
5.171956223368840e-04	9.259348e-01	4.999866e+00	3.645231e+01
5.172056223368840e-04	9.310268e-01	4.999866e+00	3.665560e+01
5.172156223368841e-04	9.361145e-01	4.999866e+00	3.685880e+01
5.172256223368841e-04	9.411979e-01	4.999866e+00	3.706190e+01
5.172356223368842e-04	9.462771e-01	4.999866e+00	3.726491e+01
5.172456223368842e-04	9.513520e-01	4.999866e+00	3.746783e+01
5.172556223368843e-04	9.564225e-01	4.999866e+00	3.767067e+01
5.172656223368843e-04	9.614887e-01	4.999866e+00	3.787341e+01
5.172756223368844e-04	9.665506e-01	4.999866e+00	3.807606e+01
5.172856223368844e-04	9.716082e-01	4.999866e+00	3.827863e+01
5.172956223368845e-04	9.766614e-01	4.999866e+00	3.848109e+01
5.173056223368845e-04	9.817102e-01	4.999866e+00	3.868348e+01
5.173156223368846e-04	9.867547e-01	4.999866e+00	3.888577e+01
5.173256223368846e-04	9.917947e-01	4.999866e+00	3.908797e+01
5.173356223368847e-04	9.968303e-01	4.999866e+00	3.929008e+01
5.173456223368847e-04	1.001862e+00	4.999866e+00	3.949210e+01
5.173556223368848e-04	1.006889e+00	4.999866e+00	3.969403e+01
5.173656223368848e-04	1.011911e+00	4.999866e+00	3.989587e+01
5.173756223368849e-04	1.016929e+00	4.999866e+00	4.009762e+01
5.173856223368849e-04	1.021942e+00	4.999866e+00	4.029928e+01
5.173956223368850e-04	1.026952e+00	4.999866e+00	4.050085e+01
5.174056223368850e-04	1.031956e+00	4.999866e+00	4.070233e+01
5.174156223368851e-04	1.036956e+00	4.999866e+00	4.090372e+01
5.174256223368851e-04	1.041952e+00	4.999866e+00	4.110501e+01
5.174356223368852e-04	1.046943e+00	4.999866e+00	4.130622e+01
5.174456223368852e-04	1.051930e+00	4.999866e+00	4.150735e+01
5.174556223368853e-04	1.056912e+00	4.999866e+00	4.170838e+01
5.174656223368853e-04	1.061890e+00	4.999866e+00	4.190932e+01
5.174756223368854e-04	1.066863e+00	4.999866e+00	4.211017e+01
5.174856223368854e-04	1.071831e+00	4.999866e+00	4.231093e+01
5.174956223368855e-04	1.076795e+00	4.999866e+00	4.251160e+01
5.175056223368855e-04	1.081755e+00	4.999866e+00	4.271218e+01
5.175156223368856e-04	1.086710e+00	4.999866e+00	4.291267e+01
5.175256223368856e-04	1.091660e+00	4.999866e+00	4.311308e+01
5.175356223368856e-04	1.096606e+00	4.999866e+00	4.331339e+01
5.175456223368857e-04	1.101547e+00	4.999866e+00	4.351361e+01
5.175556223368857e-04	1.106484e+00	4.999866e+00	4.371375e+01
5.175656223368858e-04	1.111416e+00	4.999866e+00	4.391379e+01
5.175756223368858e-04	1.116343e+00	4.999866e+00	4.411375e+01
5.175856223368859e-04	1.121266e+00	4.999866e+00	4.431361e+01
5.175956223368859e-04	1.126184e+00	4.999866e+00	4.451339e+01
5.176056223368860e-04	1.131098e+00	4.999866e+00	4.471308e+01
5.176156223368860e-04	1.136006e+00	4.999866e+00	4.491267e+01
5.176256223368861e-04	1.140911e+00	4.999866e+00	4.511218e+01
5.176356223368861e-04	1.145810e+00	4.999866e+00	4.531160e+01
5.176456223368862e-04	1.150705e+00	4.999866e+00	4.551093e+01
5.176556223368862e-04	1.155595e+00	4.999866e+00	4.571017e+01
5.176656223368863e-04	1.160481e+00	4.999866e+00	4.590932e+01
5.176756223368863e-04	1.165362e+00	4.999865e+00	4.610839e+01
5.176856223368864e-04	1.170238e+00	4.999865e+00	4.630736e+01
5.176956223368864e-04	1.175110e+00	4.999784e+00	4.650625e+01
5.176968723368864e-04	1.175718e+00	4.999746e+00	4.653110e+01
5.176993723368864e-04	1.176935e+00	4.999185e+00	4.658081e+01
5.177004578221118e-04	1.177463e+00	4.995870e+00	4.660239e+01
5.177011844952088e-04	1.177817e+00	4.987154e+00	4.661683e+01
5.177017394659319e-04	1.178087e+00	4.970911e+00	4.662786e+01
5.177022415924775e-04	1.178331e+00	4.939313e+00	4.663784e+01
5.177026495002760e-04	1.178530e+00	4.884397e+00	4.664595e+01
5.177030154592670e-04	1.178708e+00	4.788156e+00	4.665323e+01
5.177033996572243e-04	1.178895e+00	4.641578e+00	4.666087e+01
5.177039936809574e-04	1.179184e+00	4.367486e+00	4.667267e+01
5.177046638656048e-04	1.179510e+00	3.997811e+00	4.668599e+01
5.177058040728850e-04	1.180065e+00	3.159165e+00	4.670866e+01
5.177070520865107e-04	1.180672e+00	1.681967e+00	4.673346e+01
5.177078666112486e-04	1.181068e+00	2.519152e-01	4.674965e+01
5.177081871068642e-04	1.181224e+00	-1.429013e-02	4.675602e+01
5.177082668622845e-04	1.181263e+00	1.352265e-05	4.675760e+01
5.177082953427522e-04	1.181276e+00	1.388006e-04	4.675817e+01
5.177083268053174e-04	1.181292e+00	2.046437e-04	4.675879e+01
5.177083623898409e-04	1.181309e+00	2.330184e-04	4.675950e+01
5.177084208056585e-04	1.181337e+00	2.386402e-04	4.676066e+01
5.177085530818506e-04	1.181402e+00	2.125948e-04	4.676329e+01
5.177086853580427e-04	1.181466e+00	1.897125e-04	4.676592e+01
5.177088176342348e-04	1.181530e+00	1.699934e-04	4.676855e+01
5.177089499104270e-04	1.181595e+00	1.534374e-04	4.677117e+01
5.177090821866190e-04	1.181659e+00	1.400446e-04	4.677380e+01
5.177092144628112e-04	1.181723e+00	1.298149e-04	4.677643e+01
5.177093467390033e-04	1.181788e+00	1.227484e-04	4.677906e+01
5.177102344098644e-04	1.182219e+00	8.556117e-05	4.679670e+01
5.177120097515865e-04	1.183082e+00	8.325886e-05	4.683198e+01
5.177155604350307e-04	1.184808e+00	8.441531e-05	4.690252e+01
5.177226618019192e-04	1.188258e+00	8.256419e-05	4.704358e+01
5.177326618019193e-04	1.193112e+00	8.322850e-05	4.724213e+01
5.177426618019193e-04	1.197962e+00	8.180062e-05	4.744060e+01
5.177526618019194e-04	1.202806e+00	8.306110e-05	4.763898e+01
5.177626618019194e-04	1.207646e+00	8.175730e-05	4.783727e+01
5.177726618019195e-04	1.212481e+00	8.274787e-05	4.803547e+01
5.177926618019196e-04	1.222137e+00	8.266182e-05	4.843160e+01
5.178340903733483e-04	1.242079e+00	8.249292e-05	4.925103e+01
5.178755189447771e-04	1.261937e+00	8.234234e-05	5.006895e+01
5.179169475162059e-04	1.281712e+00	8.221008e-05	5.088536e+01
5.179583760876347e-04	1.301404e+00	8.209613e-05	5.170026e+01
5.179998046590634e-04	1.321013e+00	8.200050e-05	5.251364e+01
5.180412332304922e-04	1.340539e+00	8.192319e-05	5.332551e+01
5.180826618019210e-04	1.359981e+00	8.186419e-05	5.413587e+01
5.182998046590649e-04	1.460524e+00	8.204452e-05	5.835784e+01
5.185169475162088e-04	1.558675e+00	8.217869e-05	6.253980e+01
5.187340903733528e-04	1.654433e+00	8.226669e-05	6.668175e+01
5.189512332304967e-04	1.747799e+00	8.230852e-05	7.078368e+01
5.191683760876406e-04	1.838773e+00	8.230418e-05	7.484561e+01
5.193855189447845e-04	1.927354e+00	8.225368e-05	7.886753e+01
5.196026618019284e-04	2.013543e+00	8.215701e-05	8.284944e+01
5.200369475162163e-04	2.178090e+00	8.219674e-05	9.069213e+01
5.204712332305041e-04	2.333909e+00	8.222647e-05	9.839026e+01
5.209055189447920e-04	2.481000e+00	8.224621e-05	1.059438e+02
5.213398046590798e-04	2.619363e+00	8.225596e-05	1.133529e+02
5.217740903733677e-04	2.748998e+00	8.225572e-05	1.206173e+02
5.222083760876555e-04	2.869904e+00	8.224548e-05	1.277373e+02
5.226426618019434e-04	2.982082e+00	8.222525e-05	1.347126e+02
5.228826618019445e-04	3.041043e+00	8.223288e-05	1.385123e+02
5.231226618019457e-04	3.097863e+00	8.223840e-05	1.422725e+02
5.233626618019469e-04	3.152541e+00	8.224181e-05	1.459931e+02
5.236026618019481e-04	3.205077e+00	8.224311e-05	1.496741e+02
5.238426618019492e-04	3.255471e+00	8.224231e-05	1.533156e+02
5.240826618019504e-04	3.303723e+00	8.223940e-05	1.569175e+02
5.243226618019516e-04	3.349833e+00	8.223439e-05	1.604799e+02
5.244869475162381e-04	3.380320e+00	8.223649e-05	1.628969e+02
5.246512332305246e-04	3.409944e+00	8.223831e-05	1.652965e+02
5.248155189448112e-04	3.438704e+00	8.223985e-05	1.676789e+02
5.249798046590977e-04	3.466602e+00	8.224109e-05	1.700438e+02
5.251440903733842e-04	3.493636e+00	8.224205e-05	1.723914e+02
5.253083760876707e-04	3.519807e+00	8.224272e-05	1.747216e+02
5.254726618019572e-04	3.545115e+00	8.224310e-05	1.770345e+02
5.255998046591007e-04	3.564170e+00	8.224206e-05	1.788130e+02
5.257269475162442e-04	3.582775e+00	8.224114e-05	1.805816e+02
5.258540903733877e-04	3.600929e+00	8.224035e-05	1.823403e+02
5.259812332305312e-04	3.618632e+00	8.223969e-05	1.840891e+02
5.261083760876746e-04	3.635885e+00	8.223915e-05	1.858280e+02
5.262355189448181e-04	3.652687e+00	8.223873e-05	1.875569e+02
5.263626618019616e-04	3.669039e+00	8.223845e-05	1.892760e+02
5.265840903733913e-04	3.696462e+00	8.223912e-05	1.922463e+02
5.268055189448209e-04	3.722598e+00	8.223968e-05	1.951881e+02
5.270269475162506e-04	3.747448e+00	8.224012e-05	1.981015e+02
5.272483760876802e-04	3.771012e+00	8.224045e-05	2.009864e+02
5.274698046591099e-04	3.793290e+00	8.224067e-05	2.038429e+02
5.276912332305395e-04	3.814282e+00	8.224077e-05	2.066709e+02
5.279126618019692e-04	3.833988e+00	8.224075e-05	2.094705e+02
5.280469475162556e-04	3.845343e+00	8.224044e-05	2.111552e+02
5.281812332305419e-04	3.856266e+00	8.224022e-05	2.128300e+02
5.283155189448283e-04	3.866758e+00	8.224009e-05	2.144949e+02
5.284498046591147e-04	3.876819e+00	8.224004e-05	2.161499e+02
5.285840903734011e-04	3.886448e+00	8.224008e-05	2.177950e+02
5.287183760876874e-04	3.895646e+00	8.224021e-05	2.194302e+02
5.288526618019738e-04	3.904413e+00	8.224042e-05	2.210556e+02
5.289655189448315e-04	3.911465e+00	8.224032e-05	2.224141e+02
5.290783760876892e-04	3.918261e+00	8.224023e-05	2.237659e+02
5.291912332305469e-04	3.924800e+00	8.224017e-05	2.251111e+02
5.293040903734046e-04	3.931083e+00	8.224012e-05	2.264495e+02
5.294169475162623e-04	3.937109e+00	8.224009e-05	2.277812e+02
5.295298046591200e-04	3.942879e+00	8.224008e-05	2.291062e+02
5.296426618019777e-04	3.948392e+00	8.224009e-05	2.304246e+02
5.297651386874098e-04	3.954115e+00	8.224012e-05	2.318478e+02
5.298876155728419e-04	3.959585e+00	8.224014e-05	2.332635e+02
5.300100924582740e-04	3.964803e+00	8.224016e-05	2.346715e+02
5.301325693437062e-04	3.969769e+00	8.224018e-05	2.360720e+02
5.302550462291383e-04	3.974482e+00	8.224019e-05	2.374649e+02
5.303775231145704e-04	3.978943e+00	8.224020e-05	2.388503e+02
5.305000000000025e-04	3.983151e+00	8.224021e-05	2.402280e+02
5.306028571428602e-04	3.986510e+00	8.224017e-05	2.413793e+02
5.307057142857178e-04	3.989714e+00	8.224015e-05	2.425254e+02
5.308085714285755e-04	3.992761e+00	8.224015e-05	2.436664e+02
5.309114285714331e-04	3.995653e+00	8.224016e-05	2.448023e+02
5.310142857142908e-04	3.998389e+00	8.224018e-05	2.459330e+02
5.311171428571484e-04	4.000968e+00	8.224022e-05	2.470585e+02
5.312200000000061e-04	4.003392e+00	8.224027e-05	2.481788e+02
5.313728571428640e-04	4.006714e+00	8.224025e-05	2.498343e+02
5.315257142857219e-04	4.009722e+00	8.224023e-05	2.514789e+02
5.316785714285797e-04	4.012416e+00	8.224020e-05	2.531126e+02
5.318314285714376e-04	4.014795e+00	8.224016e-05	2.547352e+02
5.319842857142955e-04	4.016860e+00	8.224012e-05	2.563470e+02
5.321371428571534e-04	4.018610e+00	8.224007e-05	2.579478e+02
5.322900000000113e-04	4.020046e+00	8.224002e-05	2.595377e+02
5.325500000000126e-04	4.021768e+00	8.224012e-05	2.622169e+02
5.328100000000139e-04	4.022729e+00	8.224018e-05	2.648664e+02
5.330700000000151e-04	4.022930e+00	8.224021e-05	2.674863e+02
5.333300000000164e-04	4.022371e+00	8.224021e-05	2.700765e+02
5.335900000000177e-04	4.021052e+00	8.224017e-05	2.726371e+02
5.338500000000190e-04	4.018972e+00	8.224009e-05	2.751681e+02
5.341100000000202e-04	4.016132e+00	8.223998e-05	2.776694e+02
5.345600000000224e-04	4.009740e+00	8.224037e-05	2.819330e+02
5.346742857143087e-04	4.007803e+00	8.224025e-05	2.830024e+02
5.347885714285950e-04	4.005744e+00	8.224017e-05	2.840664e+02
5.349028571428813e-04	4.003566e+00	8.224013e-05	2.851252e+02
5.350171428571675e-04	4.001266e+00	8.224013e-05	2.861787e+02
5.351314285714538e-04	3.998846e+00	8.224017e-05	2.872269e+02
5.352457142857401e-04	3.996306e+00	8.224026e-05	2.882699e+02
5.353600000000264e-04	3.993645e+00	8.224038e-05	2.893075e+02
5.355442857143130e-04	3.989094e+00	8.224032e-05	2.909696e+02
5.357285714285996e-04	3.984277e+00	8.224027e-05	2.926185e+02
5.359128571428862e-04	3.979194e+00	8.224021e-05	2.942543e+02
5.360971428571728e-04	3.973845e+00	8.224015e-05	2.958770e+02
5.362814285714595e-04	3.968230e+00	8.224009e-05	2.974866e+02
5.364657142857461e-04	3.962349e+00	8.224003e-05	2.990830e+02
5.366500000000327e-04	3.956202e+00	8.223997e-05	3.006663e+02
5.368942857143196e-04	3.947665e+00	8.224003e-05	3.027452e+02
5.371385714286065e-04	3.938817e+00	8.224009e-05	3.048026e+02
5.373828571428934e-04	3.929658e+00	8.224015e-05	3.068385e+02
5.376271428571803e-04	3.920189e+00	8.224021e-05	3.088528e+02
5.378714285714673e-04	3.910408e+00	8.224027e-05	3.108456e+02
5.381157142857542e-04	3.900317e+00	8.224033e-05	3.128169e+02
5.383600000000411e-04	3.889915e+00	8.224039e-05	3.147667e+02
5.386828571428998e-04	3.875882e+00	8.224027e-05	3.173114e+02
5.390057142857585e-04	3.861489e+00	8.224018e-05	3.198218e+02
5.393285714286173e-04	3.846735e+00	8.224014e-05	3.222977e+02
5.396514285714760e-04	3.831621e+00	8.224014e-05	3.247392e+02
5.399742857143347e-04	3.816147e+00	8.224018e-05	3.271464e+02
5.402971428571934e-04	3.800312e+00	8.224026e-05	3.295191e+02
5.406200000000522e-04	3.784117e+00	8.224038e-05	3.318574e+02
5.411214285714832e-04	3.758281e+00	8.224032e-05	3.354221e+02
5.416228571429142e-04	3.731653e+00	8.224027e-05	3.389137e+02
5.421242857143453e-04	3.704233e+00	8.224021e-05	3.423320e+02
5.426257142857763e-04	3.676021e+00	8.224016e-05	3.456771e+02
5.431271428572073e-04	3.647018e+00	8.224011e-05	3.489491e+02
5.436285714286383e-04	3.617222e+00	8.224005e-05	3.521478e+02
5.441300000000694e-04	3.586635e+00	8.224000e-05	3.552733e+02
5.448000000000727e-04	3.544761e+00	8.224037e-05	3.593494e+02
5.452557142857892e-04	3.515590e+00	8.224032e-05	3.620520e+02
5.457114285715057e-04	3.486121e+00	8.224027e-05	3.647040e+02
5.461671428572222e-04	3.456353e+00	8.224022e-05	3.673054e+02
5.466228571429387e-04	3.426287e+00	8.224017e-05	3.698562e+02
5.470785714286553e-04	3.395922e+00	8.224012e-05	3.723565e+02
5.475342857143718e-04	3.365258e+00	8.224007e-05	3.748061e+02
5.479900000000883e-04	3.334295e+00	8.224002e-05	3.772051e+02
5.489971428572361e-04	3.264797e+00	8.224007e-05	3.823245e+02
5.500042857143839e-04	3.195367e+00	8.224013e-05	3.872464e+02
5.510114285715317e-04	3.126006e+00	8.224018e-05	3.919708e+02
5.520185714286795e-04	3.056713e+00	8.224022e-05	3.964978e+02
5.530257142858273e-04	2.987490e+00	8.224027e-05	4.008273e+02
5.540328571429751e-04	2.918335e+00	8.224031e-05	4.049594e+02
5.550400000001229e-04	2.849249e+00	8.224035e-05	4.088940e+02
5.565028571429872e-04	2.750593e+00	8.224026e-05	4.142947e+02
5.579657142858515e-04	2.654669e+00	8.224021e-05	4.194095e+02
5.594285714287158e-04	2.561477e+00	8.224018e-05	4.242386e+02
5.608914285715801e-04	2.471017e+00	8.224017e-05	4.287818e+02
5.623542857144444e-04	2.383289e+00	8.224020e-05	4.330393e+02
5.638171428573088e-04	2.298294e+00	8.224025e-05	4.370109e+02
5.652800000001731e-04	2.216031e+00	8.224032e-05	4.406967e+02
5.667428571430374e-04	2.137500e+00	8.224025e-05	4.441694e+02
5.682057142859017e-04	2.062093e+00	8.224021e-05	4.474589e+02
5.696685714287660e-04	1.989810e+00	8.224018e-05	4.505653e+02
5.711314285716303e-04	1.920651e+00	8.224018e-05	4.534886e+02
5.725942857144947e-04	1.854617e+00	8.224020e-05	4.562287e+02
5.740571428573590e-04	1.791707e+00	8.224024e-05	4.587858e+02
5.755200000002233e-04	1.731921e+00	8.224031e-05	4.611597e+02
5.769828571430876e-04	1.675137e+00	8.224025e-05	4.633966e+02
5.784457142859519e-04	1.620899e+00	8.224021e-05	4.655157e+02
5.799085714288162e-04	1.569206e+00	8.224019e-05	4.675172e+02
5.813714285716805e-04	1.520059e+00	8.224019e-05	4.694009e+02
5.828342857145449e-04	1.473458e+00	8.224020e-05	4.711670e+02
5.842971428574092e-04	1.429403e+00	8.224024e-05	4.728153e+02
5.857600000002735e-04	1.387893e+00	8.224029e-05	4.743460e+02
5.872228571431378e-04	1.348551e+00	8.224023e-05	4.757884e+02
5.886857142860021e-04	1.311067e+00	8.224020e-05	4.771549e+02
5.901485714288664e-04	1.275440e+00	8.224020e-05	4.784457e+02
5.916114285717308e-04	1.241670e+00	8.224022e-05	4.796607e+02
5.930742857145951e-04	1.209757e+00	8.224028e-05	4.807999e+02
5.945371428574594e-04	1.179701e+00	8.224037e-05	4.818633e+02
5.960000000003237e-04	1.151502e+00	8.224049e-05	4.828510e+02
5.973485714289017e-04	1.126816e+00	8.193191e-05	4.837120e+02
5.986971428574798e-04	1.103245e+00	8.181736e-05	4.845309e+02
6.000457142860578e-04	1.080790e+00	8.189682e-05	4.853076e+02
6.013942857146359e-04	1.059450e+00	8.217031e-05	4.860420e+02
6.027428571432139e-04	1.039226e+00	8.263782e-05	4.867343e+02
6.040914285717919e-04	1.020117e+00	8.329935e-05	4.873843e+02
6.054400000003700e-04	1.002124e+00	8.415490e-05	4.879921e+02
6.054500000003700e-04	1.001993e+00	8.637224e-05	4.879965e+02
6.054900000003702e-04	1.001470e+00	8.933517e-05	4.880141e+02
6.055300000003704e-04	1.000948e+00	9.934111e-05	4.880318e+02
6.055700000003706e-04	1.000426e+00	1.163901e-04	4.880494e+02
6.056100000003708e-04	9.999058e-01	1.404820e-04	4.880669e+02
6.056500000003710e-04	9.993861e-01	1.716170e-04	4.880845e+02
6.056900000003712e-04	9.988672e-01	2.097949e-04	4.881020e+02
6.057300000003714e-04	9.983491e-01	2.550159e-04	4.881195e+02
6.057414285718000e-04	9.982012e-01	2.696497e-04	4.881245e+02
6.057528571432287e-04	9.980534e-01	2.947293e-04	4.881295e+02
6.057642857146573e-04	9.979057e-01	3.302546e-04	4.881345e+02
6.057757142860859e-04	9.977580e-01	3.762256e-04	4.881395e+02
6.057871428575145e-04	9.976104e-01	4.326424e-04	4.881444e+02
6.057985714289432e-04	9.974629e-01	4.995050e-04	4.881494e+02
6.058100000003718e-04	9.973154e-01	5.768132e-04	4.881544e+02
6.058200000003719e-04	9.971864e-01	6.853524e-04	4.881587e+02
6.058300000003719e-04	9.970575e-01	8.464230e-04	4.881631e+02
6.058400000003719e-04	9.969286e-01	1.107358e-03	4.881674e+02
6.058500000003720e-04	9.967998e-01	1.618452e-03	4.881718e+02
6.058600000003720e-04	9.966710e-01	3.107710e-03	4.881761e+02
6.058607010931377e-04	9.966620e-01	3.316489e-03	4.881764e+02
6.058621032786691e-04	9.966439e-01	3.838590e-03	4.881770e+02
6.058644926025165e-04	9.966131e-01	5.380058e-03	4.881781e+02
6.058667280016688e-04	9.965844e-01	8.692062e-03	4.881790e+02
6.058687777442053e-04	9.965580e-01	1.640593e-02	4.881799e+02
6.058708861419830e-04	9.965308e-01	2.935732e-02	4.881808e+02
6.058731635043900e-04	9.965016e-01	5.245848e-02	4.881818e+02
6.058749475789628e-04	9.964786e-01	8.970802e-02	4.881826e+02
6.058767000857596e-04	9.964560e-01	1.660338e-01	4.881833e+02
6.058785731696008e-04	9.964319e-01	3.394203e-01	4.881842e+02
6.058803924734678e-04	9.964085e-01	7.013091e-01	4.881850e+02
6.058822079837053e-04	9.963852e-01	1.492857e+00	4.881858e+02
6.058839355278624e-04	9.963629e-01	3.133226e+00	4.881865e+02
6.058849277076094e-04	9.963502e-01	4.718440e+00	4.881869e+02
6.058852831210855e-04	9.963456e-01	5.011273e+00	4.881871e+02
6.058853632226664e-04	9.963446e-01	5.000516e+00	4.881871e+02
6.058853918613466e-04	9.963442e-01	5.000083e+00	4.881871e+02
6.058854135145767e-04	9.963439e-01	4.999895e+00	4.881871e+02
6.058854405030271e-04	9.963436e-01	4.999755e+00	4.881872e+02
6.058854944799280e-04	9.963429e-01	4.999642e+00	4.881872e+02
6.058855777956144e-04	9.963418e-01	4.999630e+00	4.881872e+02
6.058856947061344e-04	9.963403e-01	4.999668e+00	4.881873e+02
6.058858885111250e-04	9.963378e-01	4.999717e+00	4.881873e+02
6.058870513410687e-04	9.963229e-01	4.999845e+00	4.881878e+02
6.058886017809937e-04	9.963029e-01	4.999865e+00	4.881885e+02
6.058917026608437e-04	9.962630e-01	4.999863e+00	4.881899e+02
6.058971526564529e-04	9.961930e-01	4.999865e+00	4.881922e+02
6.059071526564529e-04	9.960644e-01	4.999865e+00	4.881966e+02
6.059171526564530e-04	9.959359e-01	4.999866e+00	4.882009e+02
6.059271526564530e-04	9.958075e-01	4.999865e+00	4.882052e+02
6.059371526564531e-04	9.956791e-01	4.999866e+00	4.882096e+02
6.059471526564531e-04	9.955508e-01	4.999865e+00	4.882139e+02
6.059671526564532e-04	9.952942e-01	4.999865e+00	4.882225e+02
6.059971526564534e-04	9.949098e-01	4.999866e+00	4.882355e+02
6.074600097993177e-04	9.768314e-01	4.999866e+00	4.888426e+02
6.089228669421820e-04	9.596436e-01	4.999866e+00	4.894178e+02
6.103857240850463e-04	9.433464e-01	4.999866e+00	4.899612e+02
6.118485812279107e-04	9.279399e-01	4.999866e+00	4.904728e+02
6.133114383707750e-04	9.134241e-01	4.999865e+00	4.909525e+02
6.147742955136393e-04	8.997989e-01	4.999865e+00	4.914003e+02
6.162371526565036e-04	8.870644e-01	4.999866e+00	4.918163e+02
6.177000097993679e-04	8.750261e-01	4.999866e+00	4.922083e+02
6.191628669422322e-04	8.635881e-01	4.999866e+00	4.925798e+02
6.206257240850965e-04	8.527503e-01	4.999866e+00	4.929308e+02
6.220885812279609e-04	8.425127e-01	4.999866e+00	4.932612e+02
6.235514383708252e-04	8.328753e-01	4.999866e+00	4.935710e+02
6.250142955136895e-04	8.238382e-01	4.999866e+00	4.938603e+02
6.264771526565538e-04	8.154013e-01	4.999866e+00	4.941290e+02
6.279400097994181e-04	8.074300e-01	4.999866e+00	4.943822e+02
6.294028669422824e-04	7.998599e-01	4.999866e+00	4.946222e+02
6.308657240851468e-04	7.926912e-01	4.999866e+00	4.948489e+02
6.323285812280111e-04	7.859236e-01	4.999866e+00	4.950624e+02
6.337914383708754e-04	7.795573e-01	4.999866e+00	4.952625e+02
6.352542955137397e-04	7.735923e-01	4.999866e+00	4.954494e+02
6.367171526566040e-04	7.680284e-01	4.999866e+00	4.956230e+02
6.381800097994683e-04	7.627742e-01	4.999866e+00	4.957867e+02
6.396428669423326e-04	7.577865e-01	4.999866e+00	4.959417e+02
6.411057240851970e-04	7.530653e-01	4.999866e+00	4.960882e+02
6.425685812280613e-04	7.486108e-01	4.999866e+00	4.962262e+02
6.440314383709256e-04	7.444228e-01	4.999866e+00	4.963555e+02
6.454942955137899e-04	7.405013e-01	4.999866e+00	4.964763e+02
6.469571526566542e-04	7.368464e-01	4.999866e+00	4.965885e+02
6.484200097995185e-04	7.333963e-01	4.999866e+00	4.966943e+02
6.498828669423829e-04	7.301223e-01	4.999866e+00	4.967945e+02
6.513457240852472e-04	7.270245e-01	4.999866e+00	4.968892e+02
6.528085812281115e-04	7.241029e-01	4.999866e+00	4.969783e+02
6.542714383709758e-04	7.213575e-01	4.999866e+00	4.970619e+02
6.557342955138401e-04	7.187883e-01	4.999866e+00	4.971400e+02
6.571971526567044e-04	7.163952e-01	4.999866e+00	4.972125e+02
6.586600097995687e-04	7.141369e-01	4.999866e+00	4.972808e+02
6.601228669424331e-04	7.119946e-01	4.999866e+00	4.973456e+02
6.615857240852974e-04	7.099682e-01	4.999866e+00	4.974068e+02
6.630485812281617e-04	7.080577e-01	4.999866e+00	4.974644e+02
6.645114383710260e-04	7.062632e-01	4.999866e+00	4.975185e+02
6.659742955138903e-04	7.045846e-01	4.999866e+00	4.975689e+02
6.674371526567546e-04	7.030219e-01	4.999866e+00	4.976158e+02
6.689000097996190e-04	7.015476e-01	4.999866e+00	4.976600e+02
6.703628669424833e-04	7.001494e-01	4.999866e+00	4.977019e+02
6.718257240853476e-04	6.988272e-01	4.999866e+00	4.977415e+02
6.732885812282119e-04	6.975810e-01	4.999866e+00	4.977787e+02
6.747514383710762e-04	6.964108e-01	4.999866e+00	4.978137e+02
6.762142955139405e-04	6.953166e-01	4.999866e+00	4.978463e+02
6.776771526568049e-04	6.942984e-01	4.999866e+00	4.978766e+02
6.791400097996692e-04	6.933380e-01	4.999866e+00	4.979052e+02
6.806028669425335e-04	6.924273e-01	4.999866e+00	4.979323e+02
6.820657240853978e-04	6.915663e-01	4.999866e+00	4.979578e+02
6.835285812282621e-04	6.907550e-01	4.999866e+00	4.979819e+02
6.849914383711264e-04	6.899934e-01	4.999866e+00	4.980045e+02
6.864542955139907e-04	6.892815e-01	4.999866e+00	4.980256e+02
6.879171526568551e-04	6.886193e-01	4.999866e+00	4.980452e+02
6.981571526569053e-04	6.849278e-01	4.999866e+00	4.981542e+02
7.083971526569555e-04	6.825313e-01	4.999866e+00	4.982247e+02
7.186371526570057e-04	6.809770e-01	4.999866e+00	4.982703e+02
7.288771526570559e-04	6.799696e-01	4.999866e+00	4.982998e+02
7.391171526571061e-04	6.793171e-01	4.999866e+00	4.983189e+02
7.493571526571563e-04	6.788945e-01	4.999866e+00	4.983312e+02
7.595971526572065e-04	6.786210e-01	4.999866e+00	4.983392e+02
7.698371526572567e-04	6.784440e-01	4.999866e+00	4.983443e+02
7.800771526573069e-04	6.783295e-01	4.999866e+00	4.983477e+02
7.903171526573571e-04	6.782553e-01	4.999866e+00	4.983498e+02
8.005571526574074e-04	6.782074e-01	4.999866e+00	4.983512e+02
8.107971526574576e-04	6.781764e-01	4.999866e+00	4.983521e+02
8.210371526575078e-04	6.781563e-01	4.999866e+00	4.983527e+02
8.312771526575580e-04	6.781434e-01	4.999866e+00	4.983531e+02
8.415171526576082e-04	6.781350e-01	4.999866e+00	4.983533e+02
8.517571526576584e-04	6.781296e-01	4.999866e+00	4.983535e+02
8.619971526577086e-04	6.781260e-01	4.999866e+00	4.983536e+02
8.722371526577588e-04	6.781238e-01	4.999866e+00	4.983537e+02
8.824771526578090e-04	6.781223e-01	4.999866e+00	4.983537e+02
8.927171526578592e-04	6.781213e-01	4.999866e+00	4.983537e+02
9.029571526579094e-04	6.781207e-01	4.999866e+00	4.983538e+02
9.131971526579597e-04	6.781203e-01	4.999866e+00	4.983538e+02
9.234371526580099e-04	6.781201e-01	4.999866e+00	4.983538e+02
9.336771526580601e-04	6.781199e-01	4.999866e+00	4.983538e+02
9.439171526581103e-04	6.781198e-01	4.999866e+00	4.983538e+02
9.541571526581605e-04	6.781197e-01	4.999866e+00	4.983538e+02
9.643971526582107e-04	6.781197e-01	4.999866e+00	4.983538e+02
9.746371526582609e-04	6.781197e-01	4.999866e+00	4.983538e+02
9.848771526582210e-04	6.781197e-01	4.999866e+00	4.983538e+02
9.951171526581602e-04	6.781196e-01	4.999866e+00	4.983538e+02
1.005357152658099e-03	6.781196e-01	4.999866e+00	4.983538e+02
1.015597152658039e-03	6.781196e-01	4.999866e+00	4.983538e+02
1.025837152657978e-03	6.781196e-01	4.999866e+00	4.983538e+02
1.036077152657917e-03	6.781196e-01	4.999866e+00	4.983538e+02
1.046317152657856e-03	6.781196e-01	4.999866e+00	4.983538e+02
1.056557152657795e-03	6.781196e-01	4.999866e+00	4.983538e+02
1.066797152657735e-03	6.781196e-01	4.999866e+00	4.983538e+02
1.077037152657674e-03	6.781196e-01	4.999866e+00	4.983538e+02
1.087277152657613e-03	6.781196e-01	4.999866e+00	4.983538e+02
1.097517152657552e-03	6.781196e-01	4.999866e+00	4.983538e+02
1.107757152657491e-03	6.781196e-01	4.999866e+00	4.983538e+02
1.117997152657430e-03	6.781196e-01	4.999866e+00	4.983538e+02
1.128237152657370e-03	6.781196e-01	4.999866e+00	4.983538e+02
1.138477152657309e-03	6.781196e-01	4.999866e+00	4.983538e+02
1.148717152657248e-03	6.781196e-01	4.999866e+00	4.983538e+02
1.158957152657187e-03	6.781196e-01	4.999866e+00	4.983538e+02
1.169197152657126e-03	6.781196e-01	4.999866e+00	4.983538e+02
1.179437152657066e-03	6.781196e-01	4.999866e+00	4.983538e+02
1.189677152657005e-03	6.781196e-01	4.999866e+00	4.983538e+02
1.199917152656944e-03	6.781196e-01	4.999866e+00	4.983538e+02
1.210157152656883e-03	6.781196e-01	4.999866e+00	4.983538e+02
1.220397152656822e-03	6.781196e-01	4.999866e+00	4.983538e+02
1.230637152656762e-03	6.781196e-01	4.999866e+00	4.983538e+02
1.240877152656701e-03	6.781196e-01	4.999866e+00	4.983538e+02
1.251117152656640e-03	6.781196e-01	4.999866e+00	4.983538e+02
1.261357152656579e-03	6.781196e-01	4.999866e+00	4.983538e+02
1.271597152656518e-03	6.781196e-01	4.999866e+00	4.983538e+02
1.281837152656457e-03	6.781196e-01	4.999866e+00	4.983538e+02
1.292077152656397e-03	6.781196e-01	4.999866e+00	4.983538e+02
1.302317152656336e-03	6.781196e-01	4.999866e+00	4.983538e+02
1.312557152656275e-03	6.781196e-01	4.999866e+00	4.983538e+02
1.322797152656214e-03	6.781196e-01	4.999866e+00	4.983538e+02
1.333037152656153e-03	6.781196e-01	4.999866e+00	4.983538e+02
1.343277152656093e-03	6.781196e-01	4.999866e+00	4.983538e+02
1.353517152656032e-03	6.781196e-01	4.999866e+00	4.983538e+02
1.363757152655971e-03	6.781196e-01	4.999866e+00	4.983538e+02
1.373997152655910e-03	6.781196e-01	4.999866e+00	4.983538e+02
1.384237152655849e-03	6.781196e-01	4.999866e+00	4.983538e+02
1.394477152655788e-03	6.781196e-01	4.999866e+00	4.983538e+02
1.404717152655728e-03	6.781196e-01	4.999866e+00	4.983538e+02
1.414957152655667e-03	6.781196e-01	4.999866e+00	4.983538e+02
1.425197152655606e-03	6.781196e-01	4.999866e+00	4.983538e+02
1.435437152655545e-03	6.781196e-01	4.999866e+00	4.983538e+02
1.445677152655484e-03	6.781196e-01	4.999866e+00	4.983538e+02
1.455917152655424e-03	6.781196e-01	4.999866e+00	4.983538e+02
1.466157152655363e-03	6.781196e-01	4.999866e+00	4.983538e+02
1.476397152655302e-03	6.781196e-01	4.999866e+00	4.983538e+02
1.486637152655241e-03	6.781196e-01	4.999866e+00	4.983538e+02
1.496877152655180e-03	6.781196e-01	4.999866e+00	4.983538e+02
1.507117152655120e-03	6.781196e-01	4.999866e+00	4.983538e+02
1.517357152655059e-03	6.781196e-01	4.999866e+00	4.983538e+02
1.527597152654998e-03	6.781196e-01	4.999866e+00	4.983538e+02
1.537837152654937e-03	6.781196e-01	4.999866e+00	4.983538e+02
1.548077152654876e-03	6.781196e-01	4.999866e+00	4.983538e+02
1.558317152654815e-03	6.781196e-01	4.999866e+00	4.983538e+02
1.568557152654755e-03	6.781196e-01	4.999866e+00	4.983538e+02
1.578797152654694e-03	6.781196e-01	4.999866e+00	4.983538e+02
1.589037152654633e-03	6.781196e-01	4.999866e+00	4.983538e+02
1.599277152654572e-03	6.781196e-01	4.999866e+00	4.983538e+02
1.609517152654511e-03	6.781196e-01	4.999866e+00	4.983538e+02
1.619757152654451e-03	6.781196e-01	4.999866e+00	4.983538e+02
1.629997152654390e-03	6.781196e-01	4.999866e+00	4.983538e+02
1.640237152654329e-03	6.781196e-01	4.999866e+00	4.983538e+02
1.650477152654268e-03	6.781196e-01	4.999866e+00	4.983538e+02
1.660717152654207e-03	6.781196e-01	4.999866e+00	4.983538e+02
1.670957152654147e-03	6.781196e-01	4.999866e+00	4.983538e+02
1.681197152654086e-03	6.781196e-01	4.999866e+00	4.983538e+02
1.691437152654025e-03	6.781196e-01	4.999866e+00	4.983538e+02
1.701677152653964e-03	6.781196e-01	4.999866e+00	4.983538e+02
1.711917152653903e-03	6.781196e-01	4.999866e+00	4.983538e+02
1.722157152653842e-03	6.781196e-01	4.999866e+00	4.983538e+02
1.732397152653782e-03	6.781196e-01	4.999866e+00	4.983538e+02
1.742637152653721e-03	6.781196e-01	4.999866e+00	4.983538e+02
1.752877152653660e-03	6.781196e-01	4.999866e+00	4.983538e+02
1.763117152653599e-03	6.781196e-01	4.999866e+00	4.983538e+02
1.773357152653538e-03	6.781196e-01	4.999866e+00	4.983538e+02
1.783597152653478e-03	6.781196e-01	4.999866e+00	4.983538e+02
1.793837152653417e-03	6.781196e-01	4.999866e+00	4.983538e+02
1.804077152653356e-03	6.781196e-01	4.999866e+00	4.983538e+02
1.814317152653295e-03	6.781196e-01	4.999866e+00	4.983538e+02
1.824557152653234e-03	6.781196e-01	4.999866e+00	4.983538e+02
1.834797152653174e-03	6.781196e-01	4.999866e+00	4.983538e+02
1.845037152653113e-03	6.781196e-01	4.999866e+00	4.983538e+02
1.855277152653052e-03	6.781196e-01	4.999866e+00	4.983538e+02
1.865517152652991e-03	6.781196e-01	4.999866e+00	4.983538e+02
1.875757152652930e-03	6.781196e-01	4.999866e+00	4.983538e+02
1.885997152652869e-03	6.781196e-01	4.999866e+00	4.983538e+02
1.896237152652809e-03	6.781196e-01	4.999866e+00	4.983538e+02
1.906477152652748e-03	6.781196e-01	4.999866e+00	4.983538e+02
1.916717152652687e-03	6.781196e-01	4.999866e+00	4.983538e+02
1.926957152652626e-03	6.781196e-01	4.999866e+00	4.983538e+02
1.937197152652565e-03	6.781196e-01	4.999866e+00	4.983538e+02
1.947437152652505e-03	6.781196e-01	4.999866e+00	4.983538e+02
1.957677152652444e-03	6.781196e-01	4.999866e+00	4.983538e+02
1.967917152652383e-03	6.781196e-01	4.999866e+00	4.983538e+02
1.978157152652322e-03	6.781196e-01	4.999866e+00	4.983538e+02
1.988397152652261e-03	6.781196e-01	4.999866e+00	4.983538e+02
1.998637152652200e-03	6.781196e-01	4.999866e+00	4.983538e+02
2.008877152652140e-03	6.781196e-01	4.999866e+00	4.983538e+02
2.019117152652079e-03	6.781196e-01	4.999866e+00	4.983538e+02
2.029357152652018e-03	6.781196e-01	4.999866e+00	4.983538e+02
2.039597152651957e-03	6.781196e-01	4.999866e+00	4.983538e+02
2.049837152651896e-03	6.781196e-01	4.999866e+00	4.983538e+02
2.060077152651836e-03	6.781196e-01	4.999866e+00	4.983538e+02
2.070317152651775e-03	6.781196e-01	4.999866e+00	4.983538e+02
2.080557152651714e-03	6.781196e-01	4.999866e+00	4.983538e+02
2.090797152651653e-03	6.781196e-01	4.999866e+00	4.983538e+02
2.101037152651592e-03	6.781196e-01	4.999866e+00	4.983538e+02
2.111277152651532e-03	6.781196e-01	4.999866e+00	4.983538e+02
2.121517152651471e-03	6.781196e-01	4.999866e+00	4.983538e+02
2.131757152651410e-03	6.781196e-01	4.999866e+00	4.983538e+02
2.141997152651349e-03	6.781196e-01	4.999866e+00	4.983538e+02
2.152237152651288e-03	6.781196e-01	4.999866e+00	4.983538e+02
2.162477152651227e-03	6.781196e-01	4.999866e+00	4.983538e+02
2.172717152651167e-03	6.781196e-01	4.999866e+00	4.983538e+02
2.182957152651106e-03	6.781196e-01	4.999866e+00	4.983538e+02
2.193197152651045e-03	6.781196e-01	4.999866e+00	4.983538e+02
2.203437152650984e-03	6.781196e-01	4.999866e+00	4.983538e+02
2.213677152650923e-03	6.781196e-01	4.999866e+00	4.983538e+02
2.223917152650863e-03	6.781196e-01	4.999866e+00	4.983538e+02
2.234157152650802e-03	6.781196e-01	4.999866e+00	4.983538e+02
2.244397152650741e-03	6.781196e-01	4.999866e+00	4.983538e+02
2.254637152650680e-03	6.781196e-01	4.999866e+00	4.983538e+02
2.264877152650619e-03	6.781196e-01	4.999866e+00	4.983538e+02
2.275117152650559e-03	6.781196e-01	4.999866e+00	4.983538e+02
2.285357152650498e-03	6.781196e-01	4.999866e+00	4.983538e+02
2.295597152650437e-03	6.781196e-01	4.999866e+00	4.983538e+02
2.305837152650376e-03	6.781196e-01	4.999866e+00	4.983538e+02
2.316077152650315e-03	6.781196e-01	4.999866e+00	4.983538e+02
2.326317152650254e-03	6.781196e-01	4.999866e+00	4.983538e+02
2.336557152650194e-03	6.781196e-01	4.999866e+00	4.983538e+02
2.346797152650133e-03	6.781196e-01	4.999866e+00	4.983538e+02
2.357037152650072e-03	6.781196e-01	4.999866e+00	4.983538e+02
2.367277152650011e-03	6.781196e-01	4.999866e+00	4.983538e+02
2.377517152649950e-03	6.781196e-01	4.999866e+00	4.983538e+02
2.387757152649890e-03	6.781196e-01	4.999866e+00	4.983538e+02
2.397997152649829e-03	6.781196e-01	4.999866e+00	4.983538e+02
2.408237152649768e-03	6.781196e-01	4.999866e+00	4.983538e+02
2.418477152649707e-03	6.781196e-01	4.999866e+00	4.983538e+02
2.428717152649646e-03	6.781196e-01	4.999866e+00	4.983538e+02
2.438957152649586e-03	6.781196e-01	4.999866e+00	4.983538e+02
2.449197152649525e-03	6.781196e-01	4.999866e+00	4.983538e+02
2.459437152649464e-03	6.781196e-01	4.999866e+00	4.983538e+02
2.469677152649403e-03	6.781196e-01	4.999866e+00	4.983538e+02
2.479917152649342e-03	6.781196e-01	4.999866e+00	4.983538e+02
2.490157152649281e-03	6.781196e-01	4.999866e+00	4.983538e+02
2.500397152649221e-03	6.781196e-01	4.999866e+00	4.983538e+02
2.510637152649160e-03	6.781196e-01	4.999866e+00	4.983538e+02
2.520877152649099e-03	6.781196e-01	4.999866e+00	4.983538e+02
2.531117152649038e-03	6.781196e-01	4.999866e+00	4.983538e+02
2.541357152648977e-03	6.781196e-01	4.999866e+00	4.983538e+02
2.551597152648917e-03	6.781196e-01	4.999866e+00	4.983538e+02
2.561837152648856e-03	6.781196e-01	4.999866e+00	4.983538e+02
2.572077152648795e-03	6.781196e-01	4.999866e+00	4.983538e+02
2.582317152648734e-03	6.781196e-01	4.999866e+00	4.983538e+02
2.592557152648673e-03	6.781196e-01	4.999866e+00	4.983538e+02
2.602797152648613e-03	6.781196e-01	4.999866e+00	4.983538e+02
2.613037152648552e-03	6.781196e-01	4.999866e+00	4.983538e+02
2.623277152648491e-03	6.781196e-01	4.999866e+00	4.983538e+02
2.633517152648430e-03	6.781196e-01	4.999866e+00	4.983538e+02
2.643757152648369e-03	6.781196e-01	4.999866e+00	4.983538e+02
2.653997152648308e-03	6.781196e-01	4.999866e+00	4.983538e+02
2.664237152648248e-03	6.781196e-01	4.999866e+00	4.983538e+02
2.674477152648187e-03	6.781196e-01	4.999866e+00	4.983538e+02
2.684717152648126e-03	6.781196e-01	4.999866e+00	4.983538e+02
2.694957152648065e-03	6.781196e-01	4.999866e+00	4.983538e+02
2.705197152648004e-03	6.781196e-01	4.999866e+00	4.983538e+02
2.715437152647944e-03	6.781196e-01	4.999866e+00	4.983538e+02
2.725677152647883e-03	6.781196e-01	4.999866e+00	4.983538e+02
2.735917152647822e-03	6.781196e-01	4.999866e+00	4.983538e+02
2.746157152647761e-03	6.781196e-01	4.999866e+00	4.983538e+02
2.756397152647700e-03	6.781196e-01	4.999866e+00	4.983538e+02
2.766637152647639e-03	6.781196e-01	4.999866e+00	4.983538e+02
2.776877152647579e-03	6.781196e-01	4.999866e+00	4.983538e+02
2.787117152647518e-03	6.781196e-01	4.999866e+00	4.983538e+02
2.797357152647457e-03	6.781196e-01	4.999866e+00	4.983538e+02
2.807597152647396e-03	6.781196e-01	4.999866e+00	4.983538e+02
2.817837152647335e-03	6.781196e-01	4.999866e+00	4.983538e+02
2.828077152647275e-03	6.781196e-01	4.999866e+00	4.983538e+02
2.838317152647214e-03	6.781196e-01	4.999866e+00	4.983538e+02
2.848557152647153e-03	6.781196e-01	4.999866e+00	4.983538e+02
2.858797152647092e-03	6.781196e-01	4.999866e+00	4.983538e+02
2.869037152647031e-03	6.781196e-01	4.999866e+00	4.983538e+02
2.879277152646971e-03	6.781196e-01	4.999866e+00	4.983538e+02
2.889517152646910e-03	6.781196e-01	4.999866e+00	4.983538e+02
2.899757152646849e-03	6.781196e-01	4.999866e+00	4.983538e+02
2.909997152646788e-03	6.781196e-01	4.999866e+00	4.983538e+02
2.920237152646727e-03	6.781196e-01	4.999866e+00	4.983538e+02
2.930477152646666e-03	6.781196e-01	4.999866e+00	4.983538e+02
2.940717152646606e-03	6.781196e-01	4.999866e+00	4.983538e+02
2.950957152646545e-03	6.781196e-01	4.999866e+00	4.983538e+02
2.961197152646484e-03	6.781196e-01	4.999866e+00	4.983538e+02
2.971437152646423e-03	6.781196e-01	4.999866e+00	4.983538e+02
2.981677152646362e-03	6.781196e-01	4.999866e+00	4.983538e+02
2.991917152646302e-03	6.781196e-01	4.999866e+00	4.983538e+02
3.000000000000000e-03	6.781196e-01	4.999866e+00	4.983538e+02
